-0.12842059
0.65880114
-0.52890545
-0.12436659
-0.35700902
0.43677333
-0.41263038
0.13100973
-0.064106986
0.10710535
0.119841255
-0.3092206
-0.5133608
-0.08244897
-0.051962774
0.6373248
0.24441753
-0.0011760615
-0.10388224
-0.5176266
0.51119137
-0.17846237
0.52592236
-0.12445246
0.058910154
0.006000821
0.6201952
-0.27457914
0.2437355
-0.5060785
0.29122528
0.47404584
0.11624072
0.035649527
-0.44322023
0.27119035
-0.7283834
-0.11385409
0.64179826
-0.5343445
0.17140837
-0.17354749
0.20093255
-0.82273245
0.07315181
-0.10415829
0.7007629
-0.47870648
0.09194313
0.3530372
-0.17881662
0.11195513
-0.060601328
0.69898677
-0.6674804
0.14543125
-0.18720685
0.20671943
0.31863534
0.23745844
0.26024073
-0.60038865
0.7253352
0.033107802
-0.024138557
-0.5199717
-0.08114463
0.5634047
-0.2523509
-0.42818102
0.65563846
-0.12359307
-0.015384498
-0.5036045
0.23041184
-0.15973957
0.9268712
0.12920555
-0.15812713
-0.56747943
-0.28886417
-0.1524119
-0.20027941
1.002927
-0.551225
-0.51094913
-0.30284667
0.30540815
-0.25183645
-0.32450366
-0.18634556
-0.23173271
-0.18154009
-0.36203986
-0.014871878
-0.82510245
0.055708267
0.14257048
0.2858394
0.52234256
-0.7991147
0.8133522
-0.4445146
0.35249463
0.03951556
-0.14631854
0.58137476
0.37954006
0.3722902
-0.4072016
-0.7312819
0.06663048
0.5652984
-0.7188817
0.24791819
-0.23002528
-0.58559203
0.12347329
0.49555093
-0.21436867
0.16052733
0.34268475
-1.0697123
-0.6635041
0.16787581
-0.30216873
-0.4035193
0.09516016
0.0013140974
0.3673572
-0.3023544
0.09640453
-0.63466084
0.8568868
0.23838486
0.1856598
-0.36166292
-0.19927476
0.3051614
8.07849E-4
-0.10010623
-0.17566553
0.7126846
-0.1988038
0.101354964
0.01592476
0.23230796
-0.42730486
0.015460443
0.7494729
0.0866687
0.1934113
-0.023254767
-0.033621285
0.46191385
0.23214404
0.52341604
-0.22833148
0.6217957
-0.2387103
0.71122533
-0.7321717
-0.13552982
-0.20701353
0.39163256
-0.5061055
0.66573244
-0.40347254
0.061594732
-0.007147734
-0.76408136
0.10039714
0.19050623
0.15161513
0.54521185
-0.52312154
-0.19387212
0.33098042
-0.1100426
0.5209724
-0.14798471
-0.25970468
0.39940813
-0.38673422
-0.027940648
-0.15748957
0.5289009
0.37653482
-0.12835011
0.37250742
0.019894285
-0.007146984
-0.13919346
-0.702318
0.15910569
0.9299184
-0.22255927
-0.02462958
-0.39733967
-0.40623456
0.28958264
-0.35326046
0.018687679
0.49997798
-0.47480282
0.4583811
-0.62350285
-0.20656602
0.44297907
0.1466716
-0.23196104
0.2890073
0.12746881
-0.44494167
-0.3840103
-0.5148832
0.041538205
0.87006575
-0.89692825
-0.07654334
0.052120972
0.31489772
-0.048558377
-0.87556934
0.42305505
-0.413233
0.4597317
-0.12800172
0.31251645
-0.5660785
0.15792586
0.4349363
0.35121486
-0.19631207
0.85026723
-0.35267112
-0.37047487
-0.61802125
-0.002236241
0.43822291
0.121842
0.33748624
-0.43384382
0.15644954
-0.16042472
0.061355732
0.036511227
0.5621421
0.42995068
0.0372995
-0.355542
-0.09365747
-0.42583394
-0.029013375
-0.003173721
0.028335094
0.22820304
0.08449979
0.21388589
-0.34474903
-0.3539584
-0.087458335
0.37419227
0.06692744
0.07486564
0.20186514
-0.44929194
0.024622263
0.20615816
-0.18136588
-0.21551795
0.19110449
0.03666672
0.24733794
-0.5916816
0.03906374
-0.10699952
0.28764957
0.12753086
0.06033822
0.9046428
-1.0278705
-0.20799464
0.26794946
-0.24662746
-0.52442974
0.63075113
-0.17930469
-0.006761883
0.43171802
-0.10722148
-0.071770445
0.3865732
-0.07008853
-0.043190632
-0.51148546
-0.3998394
0.11422316
-0.23526438
0.42136464
0.38649106
-0.27998796
-0.23062997
0.008332207
-0.36363846
-0.008036786
-0.15369637
5.263196E-4
0.016817838
-0.15427926
0.3123018
-0.9442826
-0.15173408
0.15295063
-0.4748504
0.62031966
0.2951154
-0.116279006
0.31849664
-0.02426713
-0.011786987
0.6809772
-0.5721195
0.17491469
0.38909024
-0.08043048
-0.14839928
0.17711435
-0.49994326
-0.5288917
0.6455344
-0.43136725
0.10840523
0.14493497
-0.030648472
0.40653005
-0.1647279
0.16383797
0.031999152
0.22364514
-0.16482282
-0.06552442
-0.1337699
-0.004475735
-0.25914913
-0.0082095275
0.38345894
-0.70748407
0.54293966
0.253265
-0.49144992
0.18415175
-0.021815933
-0.07138348
-0.07472656
-0.19527005
0.16557014
-0.14188473
-0.2531601
0.62452114
0.18513726
0.12066336
-0.28272972
0.059359528
0.1832609
0.26262727
-0.11887873
-0.03175366
0.5549373
0.13823432
-0.063956
-0.16110027
0.061589602
-0.37517256
0.4236356
0.0716113
-0.070774734
0.52513725
-0.32368794
0.42218065
-0.49973652
0.079812534
-0.5689608
-0.36454147
-0.78887707
0.14586996
0.020547157
-0.21671559
-0.3899227
-0.027140344
-0.2987579
0.459655
0.11326331
0.5046597
-0.32235834
0.2678717
0.2555524
-0.22758989
0.03710536
-0.09298162
0.26452094
-0.12487485
-0.26217198
0.23194645
0.0962023
0.1456327
-0.28022727
0.29444936
0.002514158
0.4756558
-0.16052143
0.40681404
0.09055551
-0.7985788
0.16811052
0.1334435
-0.18592288
-0.02404081
-0.047337785
-0.45358986
-0.18545026
0.8496958
-0.5754785
-0.073281296
0.22819997
-0.34222728
0.42091066
-0.21202935
-0.073249035
0.29625317
-0.11418618
0.2684463
-0.597084
0.2558922
-0.0046484163
-0.3993463
0.8586621
0.32716498
-0.36372262
0.13210338
-0.069262505
-0.26138863
0.4601954
-0.23391771
0.1920472
-0.39150888
0.81521577
0.20959269
0.043942552
0.15211192
0.3411828
0.39650545
0.44744924
-0.12645754
0.1669902
-0.07477986
-0.13286561
-0.2803954
0.020316523
-0.04447555
-0.7616314
0.31530997
-0.15252091
0.30815318
-0.47430733
0.51033723
0.073082685
0.042607494
-0.7487635
0.12937014
0.020598289
0.3006084
-0.17126386
0.013133468
-0.14839014
-0.04831556
0.04766158
0.09242805
0.45560265
-0.4346088
0.4709695
-0.46571207
0.016103173
0.46624994
0.14808664
-0.19782725
0.5231353
-0.08560914
-0.4498379
0.27577114
-0.5829125
0.45709562
0.23210894
0.12525465
-0.84720975
0.7214054
-0.67541355
0.20043917
-0.072074935
0.38299558
-0.71204925
-0.35248694
0.4176833
-0.22155434
-0.06555042
-0.7053754
-0.456125
0.038994245
-0.13153869
0.24022187
0.13260631
-0.44800738
0.4216356
-0.2844053
-0.37579498
0.12911837
0.2332461
-0.36365616
-0.13976243
-0.17306133
0.08245747
-0.018296374
0.2558416
0.7603921
-0.25386927
0.2867687
-0.33680996
-0.13502736
0.16447611
-0.12303513
-0.0010740282
-0.20543995
0.049478646
0.1197449
-0.01662939
-0.56301844
0.38640767
-0.6234812
0.33634079
-0.4720059
0.516296
-0.4555192
0.35155088
0.007332506
0.25033644
0.22107577
0.13342297
-0.38664386
-0.02843535
-0.21419358
-0.32650805
-0.025015391
0.33045986
-0.05835886
0.13244006
-0.8748708
0.46191546
-0.342335
0.23633015
-0.16238719
0.051366985
0.22659567
0.08311638
0.15056531
0.47715718
-0.020830678
0.25997
0.18858978
0.06077631
0.4800247
0.2137583
0.18443349
0.33569738
0.5019155
-0.35909557
0.12472141
0.28708258
0.48215494
-0.614809
0.41855934
0.12961903
0.058087103
0.534062
0.13719869
0.1370217
-0.12278193
-0.15097459
-0.69169706
0.218199
-0.27717766
0.27804643
-0.112262316
0.09304959
-0.28540912
0.053148624
0.04153887
0.5204084
-0.8003409
0.68347883
0.20239976
-0.2327599
0.69138676
-0.35094434
0.09216278
0.22784717
0.020428631
-0.25420547
0.0799512
-0.76199067
0.16638957
-0.16647588
0.36932567
0.06523119
-0.034562062
0.32837215
0.06510151
-0.09096134
-0.01365274
-0.018309945
0.35809502
0.00941907
0.18551853
-0.19992842
0.20898822
-0.2557344
-0.12557131
0.02020226
-0.34492615
-0.9014329
0.68237835
-0.6419363
-0.4686102
0.5562423
-0.25377405
-0.21911414
-0.7611796
-0.06727899
-0.17050017
-0.06606551
0.16637647
0.20847955
-0.49522662
0.31876117
-0.47788265
-0.29117665
0.0382996
-0.67457145
-0.11094974
0.45481563
-0.5302234
0.44140306
0.21186726
0.07149019
-0.22519295
0.37311637
-0.15102914
0.38968885
-0.15896536
-0.062955946
-0.1179732
-0.62765574
0.8418054
-0.5147295
0.011648613
-0.19572116
-0.1519629
-0.28404212
0.3100598
0.013142526
0.37547907
0.12817614
-0.5420718
-0.051116582
-0.2615691
0.4337862
-0.3107807
0.40874788
-0.71933645
0.34854808
0.03815559
-0.15985996
0.12956743
-0.095197864
-0.24148506
-0.27481467
0.21107619
0.3054762
-0.03538578
0.17367981
-0.24226063
0.30833957
0.18991543
0.37807515
0.11737016
0.33148098
0.09896887
-0.17516832
0.17317158
0.3735325
0.13381132
0.22410572
-0.46002877
0.20309612
0.17368051
-0.49647617
0.5128171
-0.36035633
0.24795137
0.23581207
0.12661359
1.2429667
-0.4315172
-0.16567388
0.10403293
-0.2804278
0.47073963
-0.58452237
0.07144853
-0.14479072
-0.25425053
-0.16726346
0.37110418
-0.028707568
0.38479304
0.27376103
-0.5313642
0.014346268
0.4055698
0.22403139
-0.07983658
-0.029610386
-0.21412964
-0.24011582
0.2664277
-0.3604364
0.35433415
-0.49938878
0.5094926
-0.42868173
0.6581491
-0.43027863
0.18258126
-0.1251951
0.14857548
-0.22114965
0.11513526
-0.3409853
0.5107705
-0.0562688
0.04441544
-0.1407843
-0.043031026
-0.52492243
0.27679104
-0.41375956
-0.017308438
-0.0972494
-0.26771674
-0.29301548
-0.2362804
0.26709574
-0.11890332
0.053903703
0.14749558
0.01468341
-0.14381258
-0.0064019016
-0.5381018
0.2625999
-0.011943836
0.064403184
-0.101122916
0.0039973794
-1.073124
-0.113844834
-0.1565617
0.19077037
1.1501439E-4
0.11400692
0.040024452
0.20316376
0.16810706
-0.40450215
0.47197258
0.08628443
-0.411735
0.029085202
0.018172132
0.08169816
0.43031394
-0.14992404
-0.25744364
0.06934558
-0.48385152
0.21096307
0.23032099
0.29893094
-0.22092955
-0.05374671
-0.52629936
0.5577884
-0.46763933
0.6528918
-0.9629604
0.9771619
-0.4180452
0.030683354
-0.32078868
0.26911667
-0.07819332
0.08548913
-0.14801894
-0.16695186
0.39419448
-0.3686184
0.18321393
0.26130903
-0.11433208
0.009760851
0.16471349
-0.3877515
0.0039671585
0.055437595
0.5381544
-0.046737812
0.03852483
-0.18134992
-0.3164083
-0.35180596
1.0675721
0.031544548
-0.17142579
-0.4970835
-0.21222666
0.13136353
0.38233197
-0.40168032
1.010414
-0.0773715
-0.062194597
0.030451912
0.055423334
0.22724654
-0.32716963
-0.4544355
0.7462819
-0.013112815
-0.17315277
-0.19483306
0.08833796
0.13396262
0.032282516
-0.4766546
-0.35911047
0.16919582
0.05020662
0.09682548
0.30539775
0.013085571
-0.0065832967
-0.44488356
0.41450286
-0.5300599
0.39929318
-0.31051233
0.3095294
-1.2432573
0.8493469
-0.44704583
0.13822874
0.15960167
0.25374138
-0.3037313
0.295514
0.107150614
0.2144532
-0.13661063
0.5014273
-0.2531096
0.5976868
-0.30309278
0.32282335
0.13508384
-0.029792864
0.24877651
0.5288022
-0.49286675
-0.36548316
-0.4817017
0.18642165
-0.010079177
0.6266391
-0.37774238
-0.30308223
0.47299805
-0.13761632
0.3363024
0.009336072
0.008761495
-0.16922204
-0.12004757
-0.07324288
0.088286035
0.31432387
-0.35491237
-0.009165617
-0.2902991
-0.18761787
-0.143414
-0.3817625
-0.39262557
0.6426174
-0.4060972
0.43826076
-0.0010431926
-0.11074587
0.14679366
0.4294318
-0.18594167
-0.19613834
-0.16611078
-0.11785615
0.27080527
-0.0325265
0.47794655
-0.18647254
0.028941182
0.55637467
-0.31550384
0.055904582
0.04941727
-0.112219706
-0.21578422
-0.099386714
-0.11597421
-0.3298601
0.19071199
-0.10977015
0.20452319
-0.45500332
0.3220657
-0.32909855
-0.08450362
-0.13915019
-0.12335791
-0.023884436
-0.6404715
0.6256265
-1.0345329
0.042425383
0.2735929
-0.16608822
0.62366325
-0.44509065
-0.06505582
0.088858336
0.2842915
0.059262086
0.16370113
-0.8229075
0.11788907
0.30634135
-0.25158224
0.29299557
-0.042666093
0.24680725
-0.16023976
-0.3674798
0.3018167
0.6634935
0.021440431
0.044003967
0.34121192
0.13067238
-0.38758156
0.19010307
-0.27326316
-0.17858383
0.11774455
0.16917844
-0.37405613
0.14587273
-0.03377331
0.32148975
0.1596551
-0.24535087
-0.08825562
-0.2506707
-0.07175828
0.38299605
-0.3483946
-0.30021456
0.052996054
0.05969274
-0.13224292
-0.40077296
0.63927954
-0.13113254
0.57876486
0.101153985
0.01211758
0.050300963
-0.18562917
0.32242975
-0.21676272
0.30162624
-0.15619722
0.5109441
-0.5111189
0.2524634
0.06006961
-0.051701587
0.10034351
0.2091072
-0.19336174
0.5640635
-0.3850826
0.23327592
-0.23731661
-0.02195831
-0.27327606
0.22415094
-0.47250125
0.9759273
0.23929815
-0.97164774
0.4654844
-0.54032797
0.3940689
-0.29097685
-0.04255884
0.06733158
0.005743193
-0.25953785
-0.36125004
-0.07374754
0.44707134
-0.51228213
0.8035924
-0.23464222
0.358871
-0.39588434
0.6781325
-0.4841903
0.5967937
-0.34496084
-0.06598102
0.30232617
-0.25788102
-0.1354445
0.12721285
0.290337
-0.24492429
-0.32001975
0.21609144
-0.11927103
-0.111923516
-0.225782
-0.18942541
0.7272196
-0.3932363
0.31876257
-0.27360743
-0.2723155
-0.31306168
0.16150263
-0.30971152
0.39238688
-0.61147666
0.38118002
-0.068542205
-0.32207364
0.2266249
0.063287936
-0.33848536
-0.027929273
0.27735168
-0.08325176
-0.24975401
-0.42206767
-0.12042402
0.3514714
0.31618062
0.18767065
-0.31425044
0.19330393
-0.066400684
-0.5211048
0.056949906
0.3330946
0.28798413
-0.30153677
-0.49805453
0.09717477
0.43317515
-0.1831804
-0.51123476
0.7971015
-0.38340876
0.13542975
-0.69693196
0.4303143
-0.43783545
-0.06720998
-0.05957105
-0.08508247
0.0012666073
0.17063679
-0.13529213
0.22204985
0.48465896
-0.18418755
0.2829632
-0.06849498
-0.07004304
0.029174725
-0.008987003
-0.25403956
-0.0066496483
-0.081046134
-0.24315222
0.17028792
-0.25791785
-0.062764004
-0.07943819
0.3731629
-0.13240984
0.41773912
0.104791604
-0.059357643
0.21789856
-0.14994437
0.35360292
-0.13790844
0.14133538
-0.1581047
0.4061533
-0.353228
0.4254925
-0.20145278
-0.016905887
-0.006418046
0.35293669
0.5174812
0.5530965
-0.28781086
0.15467428
-0.50645226
0.43135637
-0.7605691
0.19173785
0.18751748
-0.4458125
0.14847656
0.19614145
-0.37105784
0.7173618
0.35608575
-0.38455966
0.09510222
0.1290839
-0.19375902
-0.121067576
0.24512583
0.5899357
-0.8214585
0.4502575
0.10721143
-0.056584183
-0.22963776
0.13278946
0.013234412
0.18604623
-0.25275114
-0.4034067
-0.23932432
-0.2837517
0.11475393
0.42669666
-0.06564278
0.08566044
-0.028031467
0.15709312
0.25575003
-0.03137084
-0.049800754
0.4809204
0.0962944
-0.032262
-0.05660668
-0.20959622
-0.1705083
0.12087542
0.10273485
0.33925942
-0.77514565
0.35903078
-0.24232092
0.07176338
-0.4738814
0.13624026
-0.28427997
-0.029068062
0.12605655
0.13917512
-0.17440307
0.3695922
-0.6194811
-0.3398069
-0.11810929
-0.12804523
-0.039204825
0.26226747
-0.027419094
0.57439965
0.015014065
0.35960582
-0.2989985
0.37730277
-0.026287429
-0.016021434
0.28699195
-0.39984217
0.5038548
-0.074741885
-0.2703629
0.05014768
-0.010599017
-0.1258189
-0.17365386
-0.25212497
0.57072896
-0.54268575
0.0902949
-0.57228243
0.1635105
-0.020888675
0.2171082
0.27891007
0.028281955
0.65219325
-0.11763604
-0.56941897
0.240434
-0.28250805
0.033674788
0.12289845
-0.25438553
0.33058175
-0.59889084
-0.2971263
-0.113976
-0.007047814
0.20286854
0.30854443
-0.20125884
-0.039040036
0.022491623
-0.23414849
0.37631765
-0.50649744
0.11129611
-0.32164294
0.45318455
-0.102590695
0.469934
0.17560734
-0.3338006
0.26492327
-0.42821786
-0.14230616
-0.11993905
0.30904776
0.33499157
-0.15172414
0.17849101
-0.5548256
0.28118217
-0.64113075
-0.05529645
0.3993434
-0.5924212
0.31278813
-0.1111931
-0.78332454
0.68026745
-0.11150666
-0.13794675
0.18718867
0.4155382
-0.05667918
-0.073065676
-0.3213845
0.69503784
-0.40488452
0.21855937
-0.10617111
0.62478846
-0.02803669
0.10276811
0.22404587
-0.3959975
0.16797721
-0.5078118
0.18075024
0.1790775
0.8326469
0.029298842
0.7546701
-0.16644426
0.41654646
-0.09904517
0.3417555
0.20865832
-8.4502005E-4
0.23450255
-0.24622576
0.06265493
-0.73063743
0.19776669
-0.10426762
0.5411897
-0.4510276
0.1439223
-0.20832655
0.52066416
-0.17616774
-0.16137561
0.0048440997
-0.7990915
-0.05228284
-0.09744387
0.20421995
0.21352348
-0.07440512
-6.452812E-4
-0.12214255
-0.39982313
0.24912162
-0.32783133
0.5722396
-0.16802478
0.87890714
-0.5827883
-0.15318337
0.09725667
0.45895883
-0.091524415
0.26187587
-0.1935818
0.17175469
-0.04423013
-0.018788394
-0.3422541
-0.010138997
0.41214603
0.3129208
-0.10576623
0.09471579
-0.20154831
-0.54380023
-0.3180813
0.26545405
-0.32335272
-0.25604448
0.0031672153
0.08813671
0.38258058
0.16929147
-0.38667893
-0.5544654
0.30118978
-0.6230101
0.13291122
-0.13586974
-0.28109226
-0.35323992
0.2693135
-0.3033322
-0.40673667
0.65174633
-0.19219428
0.57375365
-0.41050625
0.43957448
-0.061913192
0.04594866
-0.09105241
-0.15933135
0.20903419
-0.45918605
0.07496755
-0.009752378
0.2738201
0.69044626
0.005261338
-0.1510009
-0.23555756
0.5250608
-0.38316292
0.3450502
-0.010328605
0.1542728
0.113758385
-0.3136175
-0.18518661
-0.024882568
0.5212996
-0.4081426
0.48331317
-0.52952975
0.0119220335
-0.5094598
0.2658164
-0.7187711
-0.014910944
0.47322798
0.35675743
-0.36083212
0.35847527
-0.49001455
-0.058144763
0.5182885
-0.44025367
0.85389775
-0.16929717
0.31996417
0.009839946
0.27694455
0.18843515
0.013942082
-0.4162597
-0.006327473
-0.05569957
0.21290949
0.096468315
0.104417525
-0.38077942
0.20142914
0.5656813
-0.24123168
-0.19486026
0.12234326
-0.1655531
0.09268228
-0.038017992
0.28016198
0.07431153
0.05918497
0.35805982
0.17192778
0.23049966
-0.19456176
0.20680976
-0.13357997
0.20677842
0.38810837
-0.26268777
-0.34511665
0.5095313
-0.4381737
0.56779045
-1.1157135
0.8800863
-0.6784691
-0.030130692
0.1744307
0.25779563
-0.13234836
-0.16911772
-0.17154936
-0.31973964
-0.1896155
0.22410987
-0.48063856
0.28948
0.117691174
0.050400227
0.6457793
-0.09317092
-0.39431933
-0.010627914
-0.22630909
-0.6169917
0.84185565
-0.11137579
0.14544705
-0.51401246
0.21844643
-0.07291739
-0.080359936
-0.1921939
0.15789948
-0.56123257
0.20051323
-0.08136663
-0.057850298
0.3873325
0.025351869
-0.21324268
-0.29163486
0.412223
-0.6271677
0.4183477
-0.2688311
0.4037706
-0.1605345
0.57082736
-0.250782
0.017027246
0.15531297
-0.28749275
0.03611224
0.092113264
-0.21935442
-0.16285771
0.015598255
-0.20753089
0.21859537
-0.22089493
0.2687763
0.18655182
-0.08953595
0.2618839
-0.230768
0.2843761
0.091399334
-0.077804975
-0.20164134
0.21951298
-0.47622794
-0.29995114
0.010533052
0.027190074
0.4928194
0.34424898
0.12240593
0.19081175
-0.29505157
0.30701962
-0.30669555
-0.23629954
-0.26619443
0.14042245
-0.16833675
-0.18473971
0.18217842
0.5517439
-0.5747774
-0.044487417
0.053061314
0.5429387
-0.44440022
0.10962141
-0.39284584
0.034630187
0.39878595
-0.3315021
0.13796628
-0.16925557
0.22240692
-0.0481768
-0.12636442
0.19354893
0.12235022
0.12586994
-0.025790108
-0.41022077
0.40899235
-0.17131585
0.44008553
-0.63727534
-0.19091652
0.13836427
0.0028828275
-0.11710511
0.1278506
-0.21228883
-9.819454E-4
-0.014110573
-0.14087498
0.037751555
0.11183164
-0.24793746
0.5081405
-0.38347167
0.4495229
0.09361288
-0.38392118
-0.06527733
0.5231671
0.05303946
0.69531614
0.09403318
-0.35548732
0.758841
0.25949597
0.08703549
0.014320458
-0.032045897
0.17745213
0.05942362
0.34966147
-0.6909089
0.39774278
0.3549721
-0.17436665
0.2330155
0.50122684
0.06946238
0.8078965
-0.9222224
0.82289463
-0.0987455
0.35422263
-0.37625661
0.067850724
0.24533947
0.0064220754
0.51663995
-0.6448177
0.3822366
-0.21113274
0.55910397
-0.009717726
-0.26357302
0.16141632
0.4926994
0.015192232
-0.1853847
-0.0033751219
0.32640773
-0.12638381
-0.6833457
-0.23630194
0.22351253
-0.1533329
0.00473737
-0.4151677
0.29913133
-0.19387506
0.05217416
0.091102205
-0.17421298
-0.059229147
-0.03663429
0.2558987
-0.2037999
-0.20830396
-0.098368034
-0.24253489
-0.745763
0.5802085
0.1151649
-0.49163964
-0.34187704
-0.07396301
-0.29471612
0.66324955
-0.42409626
-0.056821037
-0.38080043
-1.0017419
0.15511177
0.06950741
-0.839733
0.36729124
-0.104756795
0.23511344
-0.7122505
0.24721976
0.040765718
-0.82366633
0.05735243
-0.28953782
0.23337324
-0.25766322
-0.34795475
-0.054512974
0.47079828
0.062079765
-0.28961247
0.095540985
-0.5154278
0.19524783
0.028441112
-0.0964385
0.017876122
-0.42509496
0.7377942
-0.5325004
-0.35845593
-0.41410884
0.24224855
-0.084348656
-0.7208178
0.24374706
-0.11928209
0.17803074
-0.349685
0.26783472
-0.0727957
0.47838593
-0.4664431
0.38029033
-0.14715116
0.3459472
-0.08492497
-0.121496044
-0.07172057
0.007124408
0.5101375
0.037058767
0.20466445
0.07667861
0.9695964
-0.79056615
0.030825555
0.68242234
0.41635296
-0.017923389
0.1622523
-0.50020623
0.17404717
-0.32060152
0.066552445
0.8621285
-0.29244918
0.20499884
0.117959335
-0.2803393
0.4354249
-0.057123136
0.7282266
-0.03032148
-0.18970937
0.5776876
-0.13050795
0.014397194
-0.15486278
0.39413586
0.7043519
0.19912596
-0.6692826
-0.2965958
0.85514474
-0.073045954
-0.018438168
0.2552504
-0.39074185
0.09494847
-0.024484161
-0.095296174
-0.43164763
0.13197023
0.40545645
0.032822713
-0.67692024
0.24719442
0.28817704
0.29071763
-0.107054286
0.17963398
0.0107764695
0.02392328
-0.039867084
0.043093104
0.08778731
-0.19966257
0.04927293
-0.26421356
0.51743054
-0.24971654
0.3354636
-0.30691853
-0.06126389
-0.49620268
0.047372945
-0.003181212
-0.19423282
0.5690605
-0.048403595
-0.28436878
-0.49904275
0.13081075
0.053496733
-0.32497543
0.33003962
-0.022595223
0.55001974
-0.76883906
0.5019073
0.12169109
0.1403206
0.33896387
-0.7134958
-0.08773472
-0.445165
0.057620227
0.10498443
-0.5419081
0.32166308
0.36104214
-0.33766633
-0.3209364
-0.9310669
-0.53608596
0.5730967
0.6526495
-0.34795758
-0.13323604
0.08348831
-0.42107028
0.47818586
0.32673872
-0.46983826
0.38569224
0.3306418
-0.31245545
-0.053213578
-0.2695392
1.2318456
-0.095044866
-0.6862917
0.23224755
-0.25409853
0.29787543
-0.03250999
-0.44591466
-0.035069052
0.19397792
0.06252969
-0.13058321
-0.16709615
-0.26794457
0.01923554
-0.39155045
0.046167683
0.11557884
0.11846954
0.113081865
-0.18129008
-0.16708037
-0.33491012
0.26731414
-0.41317445
-0.27460945
0.16581587
0.13871838
-0.0010776332
0.3993766
-0.3624367
0.13426606
-0.7538081
0.498127
0.13213676
-0.29870307
-0.1694633
0.13394992
0.6246647
0.5831803
-0.6181458
0.018604925
0.36018372
-0.18246229
-0.0822836
0.050669733
0.30487058
0.15335496
0.6582662
0.07152239
-0.18758269
-0.33656934
-0.011397694
0.08526998
-0.17742659
0.57414496
-0.11692945
-0.66089845
0.4627879
-0.22521189
-0.26016176
0.40080875
-0.4049696
-0.39224654
-0.72243965
-0.18725458
0.9355661
-0.15056589
0.08472815
-0.41309085
0.0757338
0.26096264
0.115767375
-0.47837698
0.37143582
-0.29499233
0.44108126
0.24547485
-0.21234915
0.5838758
-0.2020892
0.27083784
-0.3428762
0.27325204
0.5599305
-0.3195895
0.3414334
-0.3320701
0.28544846
0.3440291
-0.5866709
-0.03845133
-0.47617307
0.19817668
-0.067371905
-0.24261665
0.40014166
0.24882375
-0.9685715
-0.24257664
0.11181565
-0.29327694
-0.27634585
-0.22172081
0.28210855
-0.17958409
-0.049547244
0.1214581
0.17361632
-0.065979846
-0.41423604
0.059116844
0.11721153
0.225267
0.16181877
-0.024638548
-0.23252754
0.10512498
-0.01751416
-0.34450865
0.28628528
0.17359285
0.23770022
0.0917315
0.25724247
-0.27255383
0.058362104
0.57732105
0.3703717
-0.28817752
-0.40834197
-0.32414997
-0.31776828
-0.027871592
0.5551122
-0.7969642
0.5248014
0.1465604
0.24614586
0.09577024
-0.03516362
-0.2726513
0.27688643
-0.19851531
0.1853265
-0.4044004
0.14663664
-0.34918785
-0.30722308
0.16129223
0.35412815
-0.49554536
0.17132306
0.05684245
0.68079716
0.69765455
-0.5171891
0.33428174
0.33888343
-0.12732168
0.089839645
-0.19955797
0.031112308
-0.030558296
-0.16458634
0.055382296
0.032311868
-0.43296346
0.15869832
-0.06604185
0.0035827106
0.49035257
-0.24421577
-0.2933101
0.55171216
-0.4371897
-0.23187667
-0.08358522
-0.18989073
0.381052
-0.17885184
0.11711947
-0.09998423
0.34287855
-0.05109017
-0.08626274
0.19992167
-0.25671062
0.0043772175
0.18754482
0.018767662
-0.27314633
-0.5141033
0.36086807
-0.24413024
0.5608145
0.44229823
0.25485718
-0.28861225
-0.03083056
-0.08752024
-0.21300097
-0.30719978
0.081552096
0.30607754
0.009380646
0.110503465
-0.21207136
-0.25683978
0.09998717
0.4231522
0.20051165
0.27514943
-0.122412354
-0.2447921
0.42490017
0.059013233
-0.5157303
-0.12473449
-0.6307367
0.8427429
-0.7715491
0.15832748
-0.43578973
0.7419774
0.42181006
0.20968373
0.16930369
-0.13907547
0.17991796
0.41414234
-0.087897465
0.015144961
0.118958466
0.06785961
-0.36785585
0.30416337
-0.30875933
-0.094138354
0.47117415
0.27372974
-0.41725123
0.5211043
-0.6764062
0.09496909
-0.11208026
0.065224305
-0.13670795
0.17405482
-0.12253043
0.14779179
-0.11596999
0.27951247
0.013832191
0.013927574
-0.259059
0.116781615
-0.15448375
0.05601509
-0.47604662
-0.15545362
-0.238944
0.27211332
-0.121113524
0.17167714
0.5332623
0.19771615
-0.2092092
0.19083735
-0.08218033
0.12696134
0.009002582
0.10243624
0.18176797
-0.12933394
-0.04603971
-0.05593078
-0.14100446
-0.21201378
-0.24833539
-0.33838606
0.05327667
0.3114836
-0.6746381
0.22917889
0.001078847
-0.031322185
-0.3354992
0.33328134
-0.32614625
-0.2739441
-0.033879094
-0.1478174
-0.20449822
-0.32568434
0.6332757
0.099034056
-0.4741118
-0.25193587
0.5131905
-0.55617946
0.5388781
-0.124662705
0.36185104
-0.18735442
0.39030787
-0.33716246
0.538862
0.14211164
0.07705891
0.1288722
-0.121689096
0.17858692
-0.07965713
-0.2581038
0.04733779
-0.11988905
0.042280503
-0.21733846
0.21973062
0.37774068
0.28795597
-0.14273073
0.39200667
0.22086976
-0.16116355
-0.08162196
-0.02030892
-0.0396249
-0.62456197
-0.05857268
0.08792722
-0.45025486
0.48236164
0.09626942
-0.14709042
0.19574425
-0.43322846
0.1573286
0.4027769
-0.041581772
0.040358465
0.028263904
0.37647787
-0.22713786
0.9039615
-0.1703733
0.20761046
0.29743224
-0.6752339
0.3508906
-0.10330883
0.16172041
-0.3546366
0.26838714
0.004565309
0.6524617
-0.121467546
-0.2929842
0.014148592
-0.94424176
0.46933186
0.5281376
-0.26263186
0.43017763
-0.30395323
0.025752973
-0.3145516
-0.23766041
0.12028594
-0.2826018
-0.11422677
-0.10902661
-0.24897292
0.28366193
-0.31005052
0.19867219
0.1817305
-0.092822276
-0.262576
0.55276936
0.09302256
-0.41920477
-0.26775035
-0.54778606
0.054277916
-0.46308693
-0.019658832
0.084823266
-0.1678646
-0.41429198
-0.397854
0.762051
-0.020673925
0.3234029
-0.41260946
0.6264852
-0.179716
0.08441809
0.07351623
0.056195393
-0.096348286
0.050905995
-0.9189624
-0.2662191
0.14079736
-0.021823205
-0.10992175
0.51886314
-0.15970182
-0.6171871
-0.19657347
0.4543171
0.50543326
-0.1668699
0.40448818
-0.85537237
0.62696767
-0.42184702
-0.022494042
-0.5911896
0.25792414
0.08502866
0.58568263
0.30032128
-0.11056158
-0.45052016
0.22408962
0.11625051
0.53104496
0.56284565
-0.16730306
0.5283432
-0.21200462
-0.20451045
-0.024210716
-0.1865207
0.42997548
-0.25400862
0.14134146
0.15719385
0.02669957
0.09125004
-0.13407475
-0.069763996
0.14438157
0.34803894
0.11350235
0.48133877
0.37115544
-0.088871546
0.16961223
-0.49075487
0.7643041
0.43191665
-0.07837184
-0.19555938
-0.24103926
0.17630456
0.036151327
-0.68241996
0.31213105
-0.497876
0.46793476
-0.11996437
0.22362164
-0.7137682
0.6082312
0.35545507
-0.41543624
0.2537588
0.10092067
-0.31153283
-0.18287192
0.19063564
0.6073412
-0.6320731
-0.23318425
0.22477983
-0.51013637
0.51293975
-0.10402328
0.12809074
0.10995788
0.28501296
0.34352145
-0.68415457
0.10640033
-0.44281843
0.8861851
-0.490765
0.13716033
-0.96906555
-0.19480348
-0.6534583
-0.1398864
0.12910326
-0.13211735
0.65927696
-0.24377607
0.15452856
-0.089701205
-0.42583156
0.061980493
0.08846918
-0.41167727
-0.07074128
-0.1885915
0.27340472
0.14173095
-0.11531648
-0.18309273
-0.45916367
0.23239811
-0.3873575
-0.22159939
0.0467141
-1.2343929
0.060739454
0.12524912
0.3401383
0.32884365
-0.032617025
-0.28098854
0.6467336
-0.32655853
0.38334545
-0.4983267
-0.026680335
0.59604883
0.017706284
-0.21089736
-0.09205634
-0.2362053
0.24966215
-0.054568924
-0.062173944
-0.16423257
-0.05528813
0.21806456
-0.13021556
0.07504005
-0.15031204
0.3049753
-0.11443906
-0.3457507
0.2199185
0.42253676
-0.48009986
0.3859531
0.087479085
0.15950303
-0.15161298
-0.12806886
0.2659585
0.4111296
0.25312594
0.21996282
0.41076562
-0.04702934
0.036055908
-0.21267538
0.18306693
-0.12282021
0.35189342
0.19710241
-0.058960702
0.11445059
1.0718779E-4
0.24612096
-0.5212954
0.1930322
-0.025391925
0.27118492
-0.059143983
0.90718055
-0.2996656
-0.052969076
-0.40997893
0.35996196
-0.37555894
1.0374485
0.06451078
-0.10123578
-0.13318957
-0.49875516
0.07161193
0.26546404
-0.06477448
0.060588263
-0.3628675
0.59413373
-0.03277588
-0.58059454
-6.1017217E-4
-0.36829665
0.70063937
-0.4143393
0.16018504
0.1920937
-0.43033972
0.53202325
0.22365886
-0.2885804
0.6025868
0.016500797
0.024318589
-0.30762717
-0.55952024
0.53829813
-0.17362472
-0.36041564
0.6918417
-0.009918153
-0.43501818
-0.34291703
0.4578109
-0.22573157
-0.3141946
-0.15059492
0.38897753
-0.8304908
-0.67081374
0.28462923
-0.14564425
0.1300274
-0.1870948
-0.4811747
0.00540668
-0.29835904
0.31542853
-0.24581528
0.10687958
0.026972814
-0.13669522
0.18351226
-0.021539392
-0.27236935
-0.069801465
-0.81066877
0.5165054
-0.10169388
0.063787915
-0.3304461
0.13547418
-0.19407557
-0.07883761
-0.012166857
0.28385463
0.28500217
-0.48769253
0.17429335
-0.26520354
0.071363874
0.22197431
-0.6257785
-0.001438964
0.29160357
0.41664875
0.13104184
-0.42184335
0.36024913
0.15513615
-0.24108502
0.49001744
-0.3541985
-0.38116974
-0.30177474
0.15184727
-0.5733527
0.20907469
0.86645144
-0.15096323
0.24723642
-0.20767103
-0.21967164
-0.09293533
-0.8128756
0.6636525
0.03708814
-0.37108442
0.210241
-0.4220538
-0.18044966
0.34019783
0.6369218
-0.007859482
-0.004770483
0.54107785
-0.3432171
0.37471288
0.15787522
0.0590909
0.19301677
-0.14584939
0.30101156
0.11612972
0.133199
-0.25257787
-0.24355987
0.13230485
0.16619374
-0.1457088
0.21180953
-0.05006036
-0.14264646
0.36881956
0.25819921
0.3993193
-0.52211106
1.0382415
-0.95019615
0.53131056
-0.05640562
-0.16086778
0.19513728
-0.040931076
-0.3189858
0.029404918
0.4848257
-0.22033066
-0.1693338
-0.044271264
-0.04689457
0.3342831
-0.25318632
0.028721735
-0.30150613
0.30955184
0.030033581
0.25155553
0.516766
-0.6069678
0.52306837
-0.39046687
-0.42358515
0.30221102
-0.39768404
-0.20647107
0.03371129
-0.05237274
0.25772804
-0.18689455
-0.12169214
0.1969984
0.09547772
0.40557232
0.33746794
-0.58741385
0.23594537
0.099031754
0.06380199
-0.09855306
-0.26264006
-0.036345392
-0.23012997
-0.3318091
0.017065965
0.097207256
-0.2273695
0.098867804
0.12528108
0.08941702
-0.044834025
0.14482497
-0.03352353
0.44789216
-0.56382614
0.46494132
-0.53523487
0.09799809
-0.21135506
-0.26122782
0.16063264
-0.34474763
0.3605149
-0.0015048049
0.0948551
0.117422715
-0.18706816
0.083225906
-0.39003712
0.14832173
-0.31371713
0.8230937
-0.3021119
0.25764316
0.25837216
-0.41617885
0.19693017
-0.109925546
-0.20908763
-0.23276775
0.030212685
-0.38595024
0.08275411
0.2054774
-0.0049888343
0.35505
0.13059331
0.45540845
0.0011303552
-0.1712102
0.24319762
0.21871307
-0.35656822
0.33166173
-0.22537361
0.6323432
-0.36145732
-0.5950765
0.4929841
0.04183797
-0.19437307
0.35233167
-0.050453704
-0.32869112
-0.0026584635
0.034676105
0.09475974
-0.074388586
0.4069132
0.13940568
-0.090460025
-0.27076307
0.67058194
-0.6624668
0.40582228
-0.29483828
0.13400814
-0.20568417
0.19893174
0.14219645
0.06335424
-0.21738632
0.03471039
0.19468567
0.04766591
0.20865278
-0.41365373
0.04433602
-0.4862678
0.3566974
-0.46983254
0.03858931
0.44771865
-0.13541685
0.32056972
-0.2176767
0.387778
-0.45097265
9.14064E-4
0.55798894
-0.52249414
-0.063344784
0.54518074
0.07136267
-0.3806885
0.2862485
-0.44051933
0.35995364
0.0054245675
-0.8097749
0.53464305
-0.8381037
0.19891876
0.17919458
-0.03521971
0.13294506
0.07780427
0.20309217
0.10191905
-0.78296703
-0.07103757
0.112170584
-0.09353767
0.50413024
0.09328255
-0.32814267
0.35513368
-0.19716516
0.41823465
-0.42007953
0.16436966
0.52369916
0.08417987
-0.17927018
-0.15824157
0.41060272
-0.67908466
0.18518639
0.20854843
-0.46367782
-0.09717163
-0.054502167
0.02447823
0.11830349
-0.20773396
0.3204676
0.005152068
-0.07054747
-0.3220597
-0.08621881
0.48465297
0.063854836
0.3666087
-0.14151224
0.103698574
0.01854767
0.048251912
-0.08061481
0.14142194
-0.06807907
-0.2441806
0.4032096
-0.1263683
-0.36867368
0.48786595
0.11806715
-0.2662152
0.006851299
0.81342506
0.06989879
-0.52960974
0.21367387
0.2624664
0.69845855
-0.18620402
0.103077434
0.30811107
0.013209788
-0.22760543
-0.1541591
0.38135722
-0.6661823
0.29194042
0.2078931
0.42532438
-0.42063847
-0.13257684
-0.7489004
0.09710493
-0.8231521
-0.14398906
0.16688618
0.3993577
0.39678037
0.107807845
-0.48886478
-0.39615238
0.31173718
-0.36664677
0.3064506
-0.30642417
0.15402387
0.09850467
0.5546613
-0.22525871
0.12624471
-0.09982969
0.03448761
0.29819772
-0.24839875
0.019553749
0.13277504
-0.053214375
0.26669663
-0.343078
-0.17247343
0.2404784
-0.20432949
0.04540203
0.050717976
-0.12171678
0.13056792
0.19646195
-0.2964798
0.12079548
-0.20474423
0.3600422
0.28422722
-0.16962115
-0.27677023
0.4795844
-0.2886186
-0.32300502
0.01787258
0.20172589
-0.006644739
-0.1148988
-0.6702516
0.17988463
-0.3069455
0.287786
-0.14894041
0.36172703
-0.50712496
0.08298462
-0.00846532
0.4531967
-0.49651524
0.54231554
0.37622878
-0.2317666
0.5018774
-0.31392273
0.49974883
0.50720805
-0.6459975
0.38195974
0.11631146
-0.46494046
0.18231851
0.003200091
0.088200696
-0.029222764
0.21301211
-0.1087087
0.023765994
-0.20519793
0.118314214
-0.48450845
0.47954974
-0.29895383
0.49035093
-0.13020827
-0.15373082
0.26481482
-0.13330159
0.10208717
-0.44948754
0.43267998
0.19174512
-0.23398627
0.065791324
-0.093323365
-0.18077415
0.090817966
0.4793776
-0.60066247
0.19714251
0.27157494
-0.19560353
0.030970266
-0.17414524
-0.16334307
0.6214187
-0.9500638
0.38120413
-0.022298872
0.33428994
-0.12133646
-0.844117
0.5381079
-0.2425113
0.3470631
0.037632708
-0.45798105
0.25191513
-0.1357628
0.0368287
-0.39131975
0.051997054
-0.040776476
-0.30921325
-0.02123948
-0.25048155
0.24787028
-0.27567774
-0.15668845
0.1998936
-0.54674965
0.8793816
-0.71608657
0.019461166
0.21066464
0.073643155
-0.26242694
-0.25930184
0.069476955
-0.37705195
0.48367202
-0.046216767
0.29878783
-0.4892349
0.7702944
-0.37723562
0.48380628
-0.14952147
0.20418642
0.042807527
-0.041885614
0.19799405
-0.35617805
0.39623106
-0.09979485
-0.37194726
0.590931
-0.32574305
0.12079172
0.2927311
-0.17103902
-0.19942331
0.29638568
-0.062335398
-0.26192853
-0.024194647
-0.15022331
0.88966954
-0.2813751
0.34191582
0.15043765
0.2505033
-0.16384633
-0.7375058
0.461063
0.5765097
-0.63525045
0.05226405
-0.439307
0.24454382
-0.3798789
0.14149807
-0.2106648
-0.38338768
-0.07403236
0.29757422
-0.23995991
0.36731282
0.15213251
-0.2672568
0.048134096
0.09846106
0.10538791
-0.016622454
0.10499299
-0.5263028
0.32673
-0.17705326
-0.121100515
-0.21197073
0.08461756
-0.066761464
0.68369484
0.21960163
0.20564394
-0.18520834
0.296115
-0.03464082
-0.018448757
0.1205057
-0.19663553
-0.34257486
-0.23437274
-0.0022445633
0.17206918
-0.20023277
0.2509174
-0.26778293
0.06818761
0.10849375
-0.34759372
0.15135911
0.24244972
-0.405031
0.22982597
-0.20742758
-0.008458757
0.3268741
-0.23427403
0.1251347
0.067221366
-0.2855592
-0.041383967
-0.5890079
0.15021583
-0.2549212
0.7631609
0.25145036
0.06355292
-0.1581252
0.39334765
-0.15111302
-0.6616026
0.5707895
-0.47530806
0.25797376
0.17110226
0.63803
0.033105943
-0.2140788
-0.5310725
0.50037843
-0.0144943
-0.18995897
-0.028811488
0.30221814
-0.05649476
-0.24955663
0.16562518
0.3643601
-0.11799075
0.21268527
-0.17876796
0.08048182
0.547037
-0.4595017
-0.096794344
-0.08869583
-0.19147553
-0.09130569
-0.082921706
-0.331231
0.23454033
-0.22402473
0.07745802
-0.07791622
0.6342293
-0.48001775
0.11974629
0.14514509
0.2489967
-0.20027976
0.1698993
-0.03596324
0.36616257
-0.34284943
0.20380823
0.09333624
-0.26200092
0.28908765
0.30802256
-0.5325918
-0.0031410272
0.18328315
-0.17270234
-0.14959261
-0.17447662
0.7817599
0.08881127
-0.25595668
0.036756422
-0.17106706
0.3239507
-0.015666423
0.29604614
-0.10475824
0.14246632
0.38233888
-0.5132114
0.5470307
-0.04132759
-0.2840316
-0.17912361
0.30560225
-0.014667411
0.2619677
-0.17645945
0.16109307
0.2872915
-0.43267086
0.33778873
-0.5547052
0.3498623
-0.5541586
-0.08843792
0.21843958
0.40483883
-0.40086463
0.029845202
-0.024237158
0.3592193
-0.3500879
-0.025736345
0.318761
-0.2516842
-0.2331963
-0.04152379
0.14127883
-0.0427656
0.037455752
0.30964848
0.009890242
-0.13217469
-0.037845977
-0.37600368
0.086393565
0.23381944
0.08010761
-0.13260183
0.0055658086
-0.33569333
-0.23070285
0.14258263
-0.56634843
0.34201255
-0.045950793
0.033783488
-0.32783142
0.36058068
-0.12063407
0.46622077
-1.1348014
-0.31064284
0.20809072
-0.32543436
-0.87889546
0.46596467
-0.059167385
-0.24154854
0.34618574
-0.109981306
0.38120177
-0.015137297
-0.277771
0.29793382
0.10689319
0.3090202
-0.09970599
0.01356971
-0.19302236
0.65997493
-0.69864243
-0.36238122
-0.3070487
0.20790671
0.39021873
0.49238646
1.0482055
-0.2876899
-0.36314252
-0.36397937
0.21713296
0.6487841
-0.7817687
0.6469521
0.01498436
-0.4712926
0.11947947
0.2237118
0.06336381
-0.008008185
-0.1779793
-0.20591393
0.32125014
-0.46498147
-0.15810843
-0.038381215
0.09271848
0.39543816
-0.04213136
-0.24444924
-0.3636812
-0.10867266
0.5557364
-0.16748855
0.5410968
-0.25026238
0.20480114
-0.020949937
-0.23674217
-0.36615193
0.45216218
-0.8213936
0.48170418
0.051924586
0.18615164
0.31556243
-0.041342124
0.2903274
0.25545147
0.019403175
0.30072197
-0.5443693
-0.25716355
0.060250163
0.20370144
0.036893733
-0.022338597
-0.11581161
-0.0504691
-0.43276355
-0.28165093
-0.1253946
0.85188097
-0.85128105
0.36574084
0.35311612
0.8895134
-0.68690264
0.21655391
-1.0318768
-0.4287996
0.44369557
-0.18614423
0.21962689
-0.12804784
-0.43938217
0.5914467
-0.5239569
0.029248742
0.21557806
-0.26477596
0.25131187
-0.053127564
0.037398238
0.08013378
0.1072621
0.15725139
0.49688056
-0.202063
0.07834002
0.044318125
-0.57923955
0.37057662
0.2292879
0.14440516
-0.42085394
0.046527967
-0.4136662
0.62161165
-0.58451307
0.46708724
-0.355236
0.42656323
0.4336215
-0.3898432
0.8074684
-0.39729315
0.2763079
-0.18259707
0.7591491
-0.079913095
-0.4441791
-0.11278786
-0.48458543
0.055399723
0.40598005
0.60294455
-1.1972471
0.82946163
-0.20468242
-0.110746086
0.39938715
-0.9638097
1.1073574
-0.45233068
0.4005706
-0.25315064
0.19195539
-0.52514523
0.479677
-1.0862888
0.57749176
-0.1394604
0.11478017
0.3956192
-0.1452787
0.07301775
0.113759525
-0.052443493
0.5506381
-0.19367728
0.1369419
0.07587461
-0.1917425
0.11519311
0.03511143
-0.3463619
0.29053438
0.07777616
-0.08865227
-0.1632711
-0.10212658
-0.21095721
-0.3060753
0.5471363
-0.026558895
-0.2764543
-0.30985647
-0.27488756
0.6237028
-0.02961328
0.10042219
-0.20266668
0.35081583
-0.54993796
-0.12112648
-0.08890099
-0.09888062
0.09369079
-0.39693418
-0.5521686
0.33124
0.13006167
-0.46540007
0.8921005
-0.008384536
-0.061562847
0.2754277
0.09607025
-0.15073608
-0.19350791
0.6882648
0.23688796
-0.57279474
0.056296688
-0.13186397
0.32896394
0.14540526
0.27931556
-0.049258906
-0.4081403
0.37415415
-0.32647902
0.0709957
0.51499444
-0.69477594
-0.12467667
-0.44476384
-0.15799889
-0.25519884
0.23329566
-0.38087127
0.19621362
-0.51010996
0.38021022
-0.6107122
-0.23313741
0.3292214
-0.029649286
-0.0745752
-0.35038605
0.35052285
0.25129858
-0.7285425
0.1568202
0.22836387
0.13219553
0.34525594
-0.61783683
0.23382254
0.43571338
-0.039352987
0.041067075
-0.019078763
-0.09054516
-0.4544995
0.32949325
-0.48751873
0.281594
0.13670507
0.41315845
0.21301316
-0.10094338
0.49748498
-0.32960436
0.428085
-0.5461394
-0.090916656
-0.045605976
-0.6438584
0.28316545
-0.18746172
0.14425294
-0.23297264
0.07080771
-0.43272248
0.04007476
-0.19363798
0.09818158
-0.34919268
0.12532163
-0.49153087
0.37895593
-0.25854188
-0.13905767
0.3232062
0.38155797
-0.24793051
-0.07327115
-0.2840115
0.9380446
0.22824462
0.012333725
0.2876614
-0.39318174
0.17870617
-0.1746738
0.03823419
0.23925729
0.5408266
0.41320798
-0.6926783
0.13124815
0.023992551
0.1798091
0.05593999
-0.36726257
0.58562815
-0.31393525
-0.041395158
-0.09157649
0.09254672
-0.22493193
-0.051870078
0.2565038
-0.41779482
-0.19016068
0.21919382
0.050279293
0.08175991
0.21463153
0.19853038
0.44595113
-0.5707499
-0.07174315
-0.4943217
-0.031868424
-0.120812975
0.52073866
-0.5087214
0.11395165
-0.59658206
0.060011443
0.5261831
0.04064555
0.28283295
-0.12346457
0.5884269
-0.3367935
-0.09869419
0.13155062
0.0834398
0.47903782
0.55040294
-0.20964143
-0.3720139
-0.054430865
-0.19227543
-0.3639432
0.20357007
-0.14066105
0.36388427
-0.20120235
0.2718095
-0.3615997
0.1349601
-0.115128174
-0.03843071
-0.51106167
0.61758095
0.117598556
0.4746517
-0.62520665
-0.16865642
-0.2034473
0.33858606
-0.39760563
-0.015183559
0.24605398
-0.08174946
0.14031139
0.063467085
0.1958978
-0.22326322
0.068618976
0.13249716
0.3212979
-0.3234307
-0.43576208
0.42537636
0.54876053
-0.13356097
-0.6582515
0.544923
0.01646608
-0.16718423
0.047931697
-0.1876834
0.78389984
-0.6717971
0.23480593
0.33577773
0.0778528
-0.5141595
0.6845163
-0.2709953
0.9364449
-0.5133431
-0.34129393
-0.08064085
0.03605284
-0.25149068
-0.5290589
0.98550993
-0.5269263
0.0902768
-0.40247402
-0.1832525
0.25193667
0.476584
-0.022413269
-0.0010027555
0.1901777
0.024997318
-0.1217619
-0.114481665
0.06264791
-0.15094268
-0.10006951
-0.37982702
0.20374668
0.13349862
0.3945779
-0.058797985
-0.3914452
0.1286391
-0.33949158
0.35025048
-0.2619215
-0.049770553
-0.045830082
-0.08522141
-0.05971396
-0.26210395
0.4103035
-0.65044993
0.52201533
0.07613166
0.30370063
-0.09408995
-0.08573785
-0.21389212
0.17323035
-0.16519597
0.10748776
0.013495732
0.07154626
-0.30530232
-0.22474122
0.33286384
0.09247572
-0.25153384
0.0954477
-0.22012216
-0.1545887
0.0294613
-0.38115928
0.4143666
-0.3033673
0.13391595
-0.45318666
0.3619343
-0.26547086
0.6924516
0.100647256
0.4728497
-0.58553916
0.6432831
0.14389521
-0.08152059
-0.38273305
-0.09302403
0.23028648
0.085480675
-0.10386616
0.1457796
-0.32076803
-0.16652954
0.053453516
-0.3614849
0.27950874
0.047714844
0.4484201
0.17500485
-0.25764042
-0.20752634
-0.4019398
-0.33636642
0.09795533
-0.009190231
0.66022605
0.16564189
-0.042289253
-0.2908293
0.39460814
0.16152878
0.3890421
0.09647681
-0.12459386
-0.5367112
-0.17091127
0.37473974
-0.6742865
0.22345959
-0.48578125
1.0428915
-0.102562934
0.27133507
0.048513748
-0.61537915
0.33623546
-0.08767
0.28176683
-0.2431556
-0.44944265
0.7904465
-0.10921903
-0.29847494
0.10232934
0.53227836
0.0644306
-0.011621737
-0.09144321
-0.020804925
-0.054368097
0.12862758
-0.030213427
-0.5968477
-0.6491254
-0.07632001
0.18201578
-0.10748637
-0.3934902
-0.14389288
0.4906753
-0.5029298
0.109254725
0.044548053
-0.026524449
0.49289042
-0.06790021
0.13887174
-0.31516206
-0.050816543
-0.46207932
0.13135515
0.025397614
-0.03548169
0.5631794
-0.30373788
0.44671607
0.5856581
-0.31866723
-0.04565749
-0.29972586
-0.31347752
0.104325384
0.4707238
-0.4697016
0.1364914
-0.6572891
0.23025201
-0.40427434
1.0065904
-0.07888134
0.3447771
-0.10970615
0.28411055
0.029193766
-0.0025980833
-0.8643537
-0.17556
0.3416526
0.58726877
0.27968666
-0.56666607
0.12915605
0.42944616
0.2069177
0.002682546
-0.35614172
-0.14440921
0.49308026
-0.6819331
0.16938506
0.08671464
-0.22350636
0.092976145
0.35094827
-0.23032403
0.11563625
0.40900314
0.48609763
0.16617474
-0.28315952
0.3761147
-0.3197651
0.53120553
-0.5603531
-0.04508918
-0.35492152
0.39182177
-0.7911271
0.33887735
-0.11317549
-0.027617348
0.550799
0.44929224
-0.121658176
0.4199188
-0.1854088
-0.7554474
-0.10508738
-0.034271285
0.0083852075
-0.051310435
-0.32326642
0.66768014
-0.70354253
-0.043810885
0.18639064
-0.20672077
0.19748934
-0.1077197
0.66777235
0.34613052
-0.144953
-0.5279486
-0.01752292
0.18158813
-0.07233127
0.1000531
-0.1958907
-0.23572992
0.05732884
0.37916955
0.045922045
-1.0957786
0.44639453
-0.18637937
0.40191343
-0.4224425
-0.33817485
0.09778054
0.5855594
-0.4309236
0.0201173
-0.13502009
-0.12922624
0.5644229
-0.0980082
-0.19391926
-0.16805668
-0.10377391
-0.4734721
-0.38086888
0.010533665
-0.41141066
0.26840696
-0.6230406
0.20639528
-0.34415203
0.3497157
0.01202438
0.39399052
-0.20196746
0.21939686
-0.12217001
-0.027759485
0.4709343
-0.3438599
-0.39164424
-0.13181657
-0.21225816
0.40412813
0.03976997
0.062142063
0.016411047
0.05479338
0.19298863
0.42770433
-0.52089775
0.42350474
-0.26590747
1.1204823
-0.71602666
0.25999266
-0.5589105
-0.46010867
-0.07529106
-0.77524126
0.4527152
-0.19119649
-0.08321581
0.1495848
-0.21182266
0.24894802
0.05113075
-0.04522775
0.025630899
-0.28488052
0.43255752
0.24537118
-0.08194625
-0.57107174
0.63384664
0.012920474
-0.022797978
0.009776825
-0.0130985305
0.5026908
0.1284908
-0.16946137
-0.041635767
-0.15512234
-0.11016075
0.5439532
-0.18894011
0.31845114
0.03508993
-0.10412452
0.06848861
0.13636532
-0.07666376
0.23985337
-0.07772125
-0.013718193
-0.25781733
0.3877906
-0.026955178
0.38594148
-0.36317107
-0.13670348
0.22996294
-0.1627148
-0.25185868
0.6466282
-0.24308531
-0.17146812
-0.25420818
0.33760205
-0.20166263
-0.32168436
-0.15864465
0.284658
0.17613894
-0.45103016
0.041340403
-0.6254389
0.028784702
0.21524398
-0.04409564
0.86334836
-0.4644866
0.987679
-0.43259776
0.28712136
0.095776364
-0.1487377
-0.3915195
-0.11937769
0.40340528
-0.017128896
0.11152942
0.31126198
0.05417969
-0.46163434
0.25537172
-0.024515253
-0.5184943
0.14233026
0.18608211
0.24997194
0.44773707
-0.5117373
-0.59712404
0.6012984
-0.2927876
0.20330854
0.31005114
-0.7844353
0.5518781
-0.36592466
-0.15924278
0.065617435
-0.1865131
-0.007803795
0.17276712
-0.30925122
-0.13117589
0.51145715
0.2573041
-0.018812537
-0.6897942
0.02644481
0.33127376
-0.1286095
-0.040912792
0.33909342
0.05296271
-0.1264373
0.2814388
0.22385027
0.09304122
0.33443117
-0.014761286
-0.24693258
0.10179617
-0.10267385
0.11710193
0.35351276
-0.46844473
0.87243444
0.1597904
-0.16073267
0.69739026
-0.6923305
-0.34432587
-0.29923207
0.14148235
0.45556775
-0.34246394
0.3050422
-0.112454094
-0.14713678
-0.638545
-2.3444549E-5
-0.1716485
-0.43511584
-0.15503372
0.3193059
0.064921394
0.25548717
-0.46024406
0.06344635
-0.123498976
-0.798743
-0.06474077
0.1602828
0.7953591
-0.5587985
0.52850765
-0.5719661
-0.19178008
0.46042752
0.25807205
-0.29351747
0.29498288
-0.2753185
0.5135342
0.08689521
0.03309518
0.6055772
-0.37902257
0.30919117
-0.42316478
-0.15308215
0.9640752
0.042383306
-0.29270077
-0.11889636
0.017391797
-0.33346656
-0.15786852
0.14077084
0.10475384
-0.23882745
-0.2554082
-0.0346171
-0.016800052
0.44156373
-0.057433024
-0.18816346
-0.021482928
-0.027868064
-0.26118377
-0.4408349
-0.3006311
0.07698436
-0.4332454
0.5816369
-0.18578433
0.55733657
-0.26567626
-0.36098766
0.48781824
-0.031577762
0.1842551
0.2490219
0.07718336
0.15063465
0.08343376
-0.038540106
0.4385354
-0.4109966
-0.19275175
0.28066784
0.13672453
-0.05008559
0.6196735
-0.063861005
0.12580761
-0.23325524
0.047531974
-0.19782051
0.47208434
0.43488368
0.35673392
-0.76008475
0.26014632
0.20698985
-0.037874702
0.08011915
-0.5227431
-0.30462593
-0.34792742
0.12015722
-0.042938877
-0.48483136
0.52663374
-0.5732154
-0.051066857
-0.032485683
0.07807756
0.3479414
-0.21245994
0.3093589
0.050812267
0.06909212
-0.49958837
-0.3566527
0.21453166
0.23869187
-0.48351917
0.026569877
-0.013399273
0.097541116
0.035965614
0.0046111895
-0.031014014
0.139518
0.19531667
0.09206553
-0.13870199
-0.101622276
-0.05463072
-0.39208508
0.20110784
0.08392962
0.069693334
-0.10022763
-0.22162423
-0.50222707
0.5515876
-0.19549477
0.006578152
-0.08946132
0.19373703
-0.16048607
0.060305756
-0.4475695
0.2184875
-0.09329002
-0.33015442
0.13830324
0.035297554
-0.22673604
0.041893087
-0.06413699
-0.6238074
-0.13346712
-0.3142881
0.50378114
-0.44076112
0.31055337
-0.28847772
0.5529729
0.032002244
-0.18849233
0.5130181
-0.38821325
0.11510594
0.5264728
-0.09684374
