-0.4052
0.2539822
-0.2934182
0.6264889
-0.29746243
0.38534397
-0.23322143
-0.37058446
-0.07762991
0.1975717
0.09298149
0.2713627
-0.19393054
0.5665853
-0.28031564
0.118655324
0.28010455
-0.18833096
-0.37969384
0.05911994
0.047070935
-0.29529476
0.4453212
-0.3986061
-0.5212463
0.08092127
-0.18658301
-0.215295
0.13167988
0.22721055
0.25254628
-0.11472878
-0.09719647
0.28142092
-0.28710127
-0.121578254
0.41238353
-0.30601734
0.0030950452
-0.08011344
0.0027248147
-0.22969107
0.21857181
0.09056909
0.053765833
-0.39677563
0.19282454
0.116238154
-0.069513075
-0.48429918
-0.009033161
0.15400164
-0.04484284
-0.4356469
0.4641066
0.4022106
-0.10965815
-0.11879127
-0.3149214
0.2617507
-0.2890051
0.24794048
-0.16845375
0.24306794
0.22421898
-0.4658015
0.24331123
0.008259603
0.08203658
0.06745097
-0.007610517
0.07077905
0.3896312
0.14726365
-0.3581377
-0.19348407
0.030929815
-0.4094995
-0.09713912
-0.6737467
0.45855808
0.1680646
0.21958055
-0.34042123
0.24632975
0.2870765
0.1410591
0.2611427
0.5062748
-0.16995056
0.71409935
0.032882664
0.09255489
0.4941052
-0.6801457
0.21496639
-0.12497309
0.22011715
-0.2775624
0.2474283
-0.19037433
0.46982887
-0.97641635
0.4551809
0.26070118
0.23409528
0.06999082
0.34979108
-0.13385029
-0.06608676
-0.0037080084
-0.32714412
0.07129201
-0.57755625
0.75862074
0.11153149
0.398381
0.28447542
-0.33576307
-0.34252346
-0.111999415
-0.06324533
0.23999196
0.1686977
0.30370557
-0.13728276
0.28678015
-0.3251192
0.018090608
0.22453776
-0.5019883
0.23910594
0.31224263
-0.42207497
-0.03632141
-0.27444664
0.0037253068
-0.8409383
0.33468282
-0.6236897
0.2683174
0.7911196
0.2092973
-0.085767016
-0.052494816
-0.23743099
-0.33241
0.17454901
0.12934196
-0.02905112
-0.20004381
-0.5420312
-0.18914062
0.1662256
-0.5681099
-0.8050588
-0.09551775
-0.5679268
0.44742462
-0.3618545
0.30376825
0.20594355
-0.19711886
0.19106665
-0.22194424
0.3258134
0.7682623
-1.0334973
0.388769
-0.86973864
-0.25199264
-0.46412206
0.3372424
0.24737157
-0.2875779
0.6520127
0.3307386
-0.3847894
-0.1282233
-0.5194229
0.0671541
-0.22516009
0.24290252
-0.27850688
0.4569044
-0.2981776
-0.033510134
-0.43438888
-0.07085374
0.6126427
-0.36356598
0.2144216
-0.053143498
0.31986126
-0.11168482
-0.37277126
-0.2800924
-0.29309636
0.49816895
-0.119534075
0.3403454
-0.002682928
0.6169971
0.17214781
-0.09670087
-0.059712533
-1.0692848
0.8861608
-0.060512025
-0.15537575
0.45211944
-0.14416802
-0.50667596
0.48887554
0.124599785
0.7581851
-0.012636707
-0.07096484
0.11923558
0.6383981
0.30256605
-0.27773145
0.6128414
-0.35745066
-0.21465528
-0.027460381
0.51992595
-0.8612906
0.47917834
-0.40384865
-0.33772704
0.10899492
0.4017187
0.20495227
0.09668402
0.18868545
-0.17199248
0.44048786
-0.11176103
-0.41927275
-0.053641897
0.3375801
0.121717654
-0.10594939
-0.030371627
0.5683064
-0.29383764
0.37152126
-0.17093605
0.14906791
0.2642521
0.015165174
0.31146872
-0.81933004
-0.11897557
0.22147459
0.026934033
0.067584984
-0.019719878
0.06659657
0.74943185
0.015689882
0.32577002
-0.48248988
-0.014342169
0.048786096
-0.34615582
0.13120961
-0.13621663
-0.26567113
0.5974286
-0.2224441
-0.7313329
0.64987475
-0.4587336
0.4873213
0.39342728
-0.22766763
0.007256228
-0.72258145
-0.23633659
0.7803241
-0.82921857
-0.03500485
-0.2657615
0.23711303
0.18116163
0.12582777
-0.2771728
0.23798811
-0.37843305
0.49078965
0.025779964
-0.41415226
0.20764102
0.110494755
0.14427236
-0.15695481
0.40112165
-0.40857324
0.010308828
-0.26885235
0.29927114
-0.19416083
0.15075248
0.0063777263
-0.41583633
0.183489
-0.4642431
-0.14857008
0.16114083
-0.25867137
-0.16024828
0.03525885
-0.31755906
0.29897717
-0.06916503
0.1614374
-0.025100663
-0.13585399
0.060493
0.38614768
-0.3205791
0.3898157
-0.017243152
-0.53659284
0.5111899
-0.14515339
0.42596644
-0.39683065
0.01446219
-0.11555264
0.033890467
0.32324794
0.3740866
-0.3142861
0.70402604
-0.6176717
0.1828519
-0.034356173
-0.2449114
-0.20042698
-0.072920576
-0.5435855
0.81634915
-0.18102758
-0.06378724
-0.023385482
0.21358374
-0.33913884
-0.14109689
-0.054906487
-0.044767417
-0.68164057
1.0517268
-0.3236299
0.20933124
-0.14996614
0.31692073
-0.062799245
0.022836108
-0.35791564
-0.21492064
0.50828815
-0.03617074
-0.04906111
0.37184143
-0.04125867
-0.040995043
0.034420706
0.7091495
-0.6612609
0.5063076
0.36263326
-0.2540244
0.03763125
0.6447423
-0.45930648
0.5628318
-0.72721916
0.03766584
0.6288456
-0.32500386
0.6203809
0.71650136
-0.4765542
0.15863337
-0.24999365
0.35762358
-0.764121
-0.08158684
0.44508344
-0.26026055
0.43893805
-0.28174022
0.12098212
-0.16234711
0.12574191
-0.47095564
-0.19542512
-0.10012884
-0.07716788
0.1688044
-0.017683933
0.3714449
-0.6126309
0.84391046
-0.094960056
-0.2497325
0.21058986
-0.17195879
0.44099006
0.0222227
0.48823923
0.47317654
-0.6873279
0.56607586
-0.10298465
0.25717837
-0.33755797
-0.19180748
0.5118887
-6.590267E-4
-0.28765494
0.3497819
-0.75012386
0.64221555
-0.27690437
-0.4699282
0.18450949
-0.2712873
0.47305164
-0.18889011
-0.16697636
-0.21813014
0.38871378
-0.3211359
-0.49943447
0.38517204
-0.030465117
-0.58155465
0.33717954
-0.20639423
0.49716824
-0.5544063
-0.1631251
-0.23256047
-0.21427801
-0.7057219
-0.21979128
-0.21010794
0.07336049
0.5184118
0.31233665
0.3534931
-0.26795748
-0.17670336
0.4201
-0.5195181
0.34699377
8.7106135E-4
-0.0635489
0.30949077
-0.30909157
0.17205049
0.29437232
-0.6322261
-0.09804677
0.1501698
-0.05621683
-0.29442802
-0.39507672
0.24162742
0.37410507
-0.30792275
-0.1660837
0.63269925
-0.7020815
-0.016527422
-0.04181124
0.012993836
0.17199126
-0.12830815
0.017943041
0.010172962
-0.5479076
0.076159164
-0.018798972
0.20368236
-0.06415812
-0.020749044
0.30738375
-0.22296195
0.16363974
-0.21909164
-0.09954438
0.16047922
0.28183112
-0.62620753
0.17905794
-0.044776157
0.16300967
0.08991989
-0.1914636
0.01977358
0.1638429
0.28433454
-0.35481942
0.7990538
-0.56105226
0.38969848
-0.2490499
0.34906456
0.37009078
-0.018383952
-0.46217766
-0.42292896
0.069874056
-0.14639877
-0.05588506
0.42644295
0.035903513
-0.18588471
-0.1295568
0.24536951
-0.21509393
0.16004233
0.4441171
-0.71797806
0.4537951
0.063672364
0.00408495
0.49722755
-0.21602432
-0.08184895
0.065841645
0.06219884
-0.5853474
0.48472792
-0.15537792
-0.33653334
0.5333957
0.08156323
-0.18849942
0.22722779
0.048549905
-0.32160252
-0.1773347
0.5470493
-0.15534166
0.4921145
-0.48565623
0.1401917
-0.078511536
-0.039176133
0.55954343
-0.34935457
-0.1943777
0.33795866
-0.13533472
0.11513875
0.41960186
-0.175905
0.124628074
0.11266702
0.28008428
-0.7768322
0.10292967
0.37932658
-0.14197923
-0.26383606
0.048334833
-0.47085547
0.16054614
0.11821879
0.13630867
0.12568372
-0.7010631
0.24989118
0.056586433
0.118478194
-0.14646953
-0.6976453
0.2611432
0.054103527
0.0019784165
-0.027373428
-0.10573757
-0.28754368
0.09412528
0.1481147
-0.25751334
0.081210494
0.25286886
-0.5593702
0.19172338
0.03928547
-0.2802589
0.5107871
-0.5762061
1.102587
-0.5053555
-0.09346716
-0.2709047
-0.12148784
0.21102874
-0.31406844
0.7239755
-0.42717782
-0.35107374
0.7296004
-0.47714674
0.06541473
-0.24422489
-0.06107436
0.15841016
0.24407238
-0.29319498
-0.07065803
-0.17295295
-0.07329064
0.13316046
-0.2731777
-0.48056695
0.34838378
0.2522454
-0.42090768
-0.059984505
-0.16673875
0.7028937
-0.4615513
-0.3126546
0.10125436
-0.22176696
0.24634843
-0.07973519
0.7646191
-0.26141244
0.38131335
0.22209556
-0.004873868
0.0063064666
0.0812406
0.14298859
-0.41654912
0.6738942
0.22873208
-0.1804777
0.26260838
-0.3776197
-0.014386857
0.65508115
0.53111
-0.9559026
0.38015014
0.028132554
-0.02852715
-0.3874506
0.46330115
-0.028766407
0.019461324
-0.17041044
0.04486355
0.078372076
-0.21504246
-0.073618084
0.05534508
0.040365547
0.5517461
-0.578363
0.0088809505
-0.23499134
0.4752851
0.46854278
-0.7332134
0.3703782
0.10134819
0.032503594
0.20936851
0.10911614
-0.48089403
-0.17822865
0.10225891
0.2474452
0.16768293
-0.041636538
0.4340083
-0.06295576
-0.0027802896
-0.08567678
0.740016
-0.4777718
0.59921724
-0.98682207
0.8786432
0.581529
-0.10031806
0.7372704
0.20754626
-0.61188227
-0.3910297
-0.2099664
0.06813297
-0.35446227
0.010533854
0.3809676
0.10945784
-0.2141276
0.20318693
0.2603732
-0.6107541
0.19844225
-0.47438028
0.6279044
0.020156292
-0.52273285
-0.38253117
0.83662546
-0.6580565
0.41150746
-0.09470266
-0.12958473
0.09422165
-0.20520294
0.21317238
-0.22260016
0.35582596
-0.47636145
-0.34123144
0.45649007
-0.46652183
0.66317147
-0.34319657
0.49920148
-0.02491081
0.3021913
-0.26338995
0.05122339
-0.12953815
0.11362451
-0.57179904
-0.052941024
-0.4556424
-0.01633056
-0.04516366
0.49112388
-0.18304028
-0.106840886
-0.13473351
0.5166455
-0.74052787
-0.11610571
0.42332286
-0.5384014
0.22136836
-0.011828023
-0.3357243
-0.12430409
-0.18353426
-0.4859394
-0.293645
0.014675306
-0.7568199
0.26765314
0.53856826
0.592246
-0.73836625
0.7128741
0.45133847
-0.6817272
-0.34234178
0.2026955
0.19736768
0.10727927
0.4030004
0.019499294
-0.29694223
0.098415606
0.019214416
-0.25778645
0.6527291
-0.712178
0.21459375
-0.11356889
0.29230917
0.036672004
0.46769187
-0.040607706
-0.33474702
0.22642808
-0.5174959
0.593177
-0.15609515
0.11464179
0.47141775
-0.17985928
0.031026483
-0.11026876
-0.0679499
0.037202634
-0.046327926
0.14422245
-0.053499285
0.042897005
0.012903197
0.28661692
0.35831776
-0.06673528
-0.046687096
-0.42438444
0.40633836
-0.019069862
-0.408673
-0.24311893
0.5088387
-0.03780729
-0.50925297
0.3987323
-0.0139175495
-0.5071969
0.92454934
0.12019272
0.9268473
-0.21935749
0.119936384
-0.28603584
0.8568959
-0.076388486
-0.10688511
-0.47653684
-0.22028206
-0.009842054
-0.18647033
0.4570282
0.0619202
-0.30205965
0.008589751
-0.51238924
0.24048786
-0.037618708
0.19143228
-0.45378593
0.3075137
0.08348328
-0.06287567
-0.087181784
0.31158125
-0.42668307
0.17857255
-0.5242283
-0.21317634
0.14584555
-0.06774118
-0.27701
0.22377445
0.2265208
-0.27033818
-0.08693996
-0.37039813
0.009497919
0.23554073
-0.6195186
0.66100717
-0.21407452
-0.23222588
-0.12764847
0.5513275
-0.54468185
0.83741385
-0.056937095
-0.646843
0.2813701
0.31846336
0.2416858
-0.41052613
-0.092415884
0.22970401
0.21554439
-0.3100657
0.0022132206
0.08041051
-0.06102875
-0.028778998
-0.32593662
0.18643911
-0.8016848
-0.17584307
-0.080616206
-0.5305984
0.45401296
-0.71682054
0.091009386
-0.38542125
0.19514269
0.5081964
-0.3161508
0.02844582
0.49155402
-0.31585544
-0.076896206
0.2665922
-0.38758644
0.22805709
-0.15437579
0.049935542
0.23137209
0.22883402
-0.16673213
0.067097016
0.048896756
0.7798086
-0.21062599
0.30679655
-0.18453147
0.33283028
-0.2997705
0.40148515
-0.25714725
0.41429865
-0.29540643
0.23945768
-0.22826031
0.7335156
-0.0031707734
-0.01977289
-0.11590659
-0.5554596
0.45459753
0.08883542
-0.016300324
0.24197802
-0.40120503
-0.17809734
0.15949109
0.24109548
-0.21160425
-0.13868771
-0.26744804
0.37537646
0.2956487
-0.39495912
0.35505366
-0.3299259
0.32000306
-0.13506413
-0.12892517
0.07617881
0.12116059
-0.28133398
0.614924
-7.9028786E-4
0.17821276
0.68212676
-0.3490375
0.24839105
0.0058913343
0.42773065
0.27908754
-0.13780634
0.21384707
-0.392307
-0.31311178
0.6017363
-0.5912838
0.30072904
-0.05512889
-0.06539522
0.48218158
-0.3515215
-0.23703392
0.13041341
-0.13745958
0.26410502
-0.74123305
-0.45274675
-0.030516695
-0.19906332
-0.18727927
0.15178964
-0.18929093
0.12233144
-0.19563809
0.07936375
0.04876458
-0.68833524
0.28857648
-0.18163046
-0.45827538
0.3025234
-0.35709766
0.5590362
-0.049588818
-0.35240287
0.084339686
-0.23993611
0.2944709
0.15560518
-0.35667786
0.037714187
-0.14794166
-0.00579444
0.1880811
-0.08825659
-0.09243868
-0.026519012
-0.28946692
0.16853613
-0.32535866
0.032883655
0.031085586
0.23875411
-0.34124264
0.26588988
-0.173665
-0.026128694
-0.015697079
-0.6366876
0.29467294
0.14192125
-0.40472996
-0.16972382
-0.54833025
0.23950616
-0.2304417
-0.05248836
-0.7297301
0.65219396
-0.05431698
0.09200787
-0.08717972
-0.08040274
-0.36829942
-0.04315423
0.1219317
-0.48002213
0.26617485
-0.3496745
0.7481263
0.07959288
-0.1693069
0.18565334
-0.08412565
0.011456395
0.1327704
0.04854136
-0.031138115
0.28666905
-0.3920258
0.022447707
0.5821178
0.08482793
-0.011504266
-0.16841143
0.11512352
-0.16407402
0.022807324
0.23780747
0.19131942
0.45830077
-0.4723012
-0.044444516
0.08223187
0.08321804
0.5142834
-0.194773
0.011906137
-0.18828969
0.19829181
0.086179264
0.09403633
0.34260988
-0.10260004
0.1350298
0.4133464
-0.1370771
0.3521448
0.4581305
-0.37416124
0.20268247
0.3983328
0.112358816
-0.1420903
0.0823779
-0.16283692
0.3257807
-0.2781808
0.47743863
-0.12141377
0.15575443
0.5544086
-0.2192896
0.079246536
-0.6718176
0.58378595
-0.40661088
0.296975
0.34908596
-0.070499204
0.5020948
-0.19680163
-0.20739344
0.18009974
0.10140133
-0.0907095
0.58543694
-0.45924377
0.14477192
-0.061141215
0.121718444
0.20877583
0.1475514
-0.34330186
-0.00743558
-0.24519049
0.022342293
0.20124075
-0.10965975
0.21640523
0.45885763
-0.01308052
0.02121566
-0.45834684
0.5893356
-0.3380072
0.57975775
-0.30789727
-0.124613635
0.47793373
-0.3029789
-0.2432767
0.3143321
-0.100531586
-0.049957447
-0.03593356
0.11723394
-0.22424181
0.1641812
-0.6834307
0.2943849
-0.2434228
-0.31198025
-0.12625045
-0.15478083
-0.087834634
0.39355662
-0.4475872
0.41932204
-0.40720832
0.33374524
0.040119678
-0.48106146
0.082115844
-0.5306811
0.526904
-0.6683927
-0.0075285095
0.6231667
-0.07475347
0.6814493
-0.48148358
0.15581155
0.19805339
-0.3839608
0.39359152
-0.22010815
0.2606226
-0.01760287
-0.20416929
-0.118665844
-0.30760124
0.46964958
-0.25793266
-0.25114635
-0.038082317
-0.015422438
0.1852235
0.20246966
-0.04560347
-0.2557146
-0.10907299
-0.3551445
0.1777503
-0.44541132
-0.5528552
0.2634256
0.064679466
-0.22619367
0.20211817
0.6204597
-0.05583408
0.060276765
-0.13697343
-0.18479718
0.28689933
0.02191705
-0.050671656
0.21989073
-0.14373207
0.13588011
0.2645545
-0.279663
0.54483616
0.001046869
-0.226373
0.13143533
0.28365558
-0.50732845
0.17577696
-0.41123906
-0.032985333
0.3338814
0.037392754
0.022569284
0.20301022
0.04671917
-0.020561123
0.08136179
-0.14222011
0.17878807
-0.35311624
-0.2559326
-0.3868085
-0.007549571
-0.5648107
-0.4170627
0.03491684
0.5910607
-0.37751207
0.40477413
-0.3199737
0.47023988
0.23741065
-0.18367068
0.29021397
0.19196546
-0.38380063
0.49895248
-0.010037784
0.21664116
-0.39857537
-0.046934478
0.3805161
0.22747384
0.53059715
0.2118917
-0.106087685
0.5193649
-0.21647453
0.24361241
-0.20203015
0.29124388
-0.14717217
-0.3628635
-0.21174331
0.17543146
0.061878696
0.08722193
-0.017529914
0.29709288
-0.31038976
0.82460636
-0.253445
0.3861959
-0.2059741
-0.24939574
0.17141949
-0.41260368
0.09159546
-0.30652523
0.057888962
0.08158868
0.6709405
0.022552826
-0.22480859
-0.16431706
0.19387105
-0.2991186
0.007637051
-0.26349348
0.45879808
0.20167907
0.35419756
0.101911396
0.45020682
0.25620636
-0.5313618
0.07887944
0.7117019
0.3353283
-0.16285262
-0.85718197
0.35020888
-0.15010874
-0.22655015
-0.42090568
-0.25380892
0.30912015
0.06063091
-0.1655119
0.24625354
-0.49550965
-0.019165283
0.09785483
0.17686062
-0.21500494
0.036790825
-0.41114113
-0.024941359
-0.47351435
0.33057335
-0.65607166
0.31512082
0.04086683
-0.2546836
-0.10823367
0.14871943
-0.09808476
0.4150481
-0.12071694
0.11163185
-0.12646028
0.026546627
0.024398215
0.3063588
-0.48782527
0.020437924
0.1737205
-0.56116325
0.2870502
-0.20701823
-0.09680633
0.8172558
-0.43344304
0.22732414
0.425684
-0.25985107
-1.1024715
0.97536397
-0.20085563
0.33036405
-0.08769705
0.13443364
-0.53917086
-0.25722346
-0.024224864
-0.24960178
-0.15846075
-0.37216696
0.29730695
0.41268694
-0.40067777
-0.46269378
-0.1688932
-0.29210767
0.8058365
-0.15617755
-0.23010008
0.031019257
-0.06645144
0.36412635
-0.26519972
-0.5110702
0.38649642
0.081192344
0.20474322
-0.1831992
-0.00643176
0.19448777
0.12051524
0.30657333
-0.07405802
0.60983056
-0.36528286
0.14981595
0.06915852
-0.10236051
-0.33797124
0.3567797
0.23012537
-0.013437055
-0.3119584
-0.08433513
0.28648737
0.12420086
0.110073075
-0.5158943
-0.13184999
-0.49476925
0.3636869
0.13478945
-0.31724182
0.18502067
-0.03931445
0.006792868
0.25885248
-0.73065627
0.13814019
-0.51839083
-0.31919226
0.20273092
0.38956338
-0.19092126
0.048363317
-0.81896573
0.15888582
-0.17010354
0.52786887
0.020231197
-0.23878674
0.5047294
0.25036415
-0.100203566
-0.018067254
-0.0472091
0.2237002
0.6902836
0.3422899
-0.5192139
-0.11524155
0.16749203
-0.03956417
0.21073584
-0.2320861
0.14984922
0.25174922
-0.59244925
0.49411923
-0.49053338
0.4369754
-0.49432075
0.03666139
-0.1591684
-0.107078515
-0.091864824
-0.00627424
-0.41208482
0.033316284
-0.31567395
0.5859826
-0.34573162
0.2984351
-0.19478627
-0.040551513
0.62841845
0.01159743
0.05263724
-0.52310425
0.10515818
-0.16961552
-0.02109543
0.2944102
-0.078702435
0.38827297
-0.24874611
0.1915078
-0.12612885
-0.54052263
0.031697635
0.014879141
0.13795571
0.60773087
-0.102711625
0.6499103
-0.10662594
0.28547874
-0.40139973
0.16234523
0.12987873
0.27340686
0.2526344
-0.4430462
0.1502052
0.22036195
-0.26006147
-0.13345271
0.11951175
0.3269164
0.0938444
-0.22755183
-0.44654846
0.17711267
0.5350906
-0.13460119
0.12509052
-0.18946871
0.32964057
-0.20417997
-0.09207671
-0.057195187
0.0057487367
-0.17903316
0.49312156
-0.12588705
0.47529787
-0.094388455
0.11780022
-0.33592978
-0.066861205
-0.06474636
0.2882218
-0.16866003
-0.15057388
0.37687972
-0.45160285
0.34027976
-0.535747
-0.27950433
-0.35917923
0.18631855
0.30087522
-0.0677765
0.3101774
-0.2255778
-0.07240949
-0.33471218
-0.07467562
0.061359596
0.0619529
-0.03470514
0.06165329
0.055901594
0.28402176
0.45571434
0.0585612
-0.38509348
-0.21629523
-0.21084921
-0.0150800785
-0.23899983
0.11013751
0.26855788
-0.21327548
-0.08776467
-0.05242884
0.4103182
0.20639081
-0.19282433
-0.00776332
0.32023948
-0.24399014
-0.24032037
-0.29211894
0.08953964
-0.22000937
-0.2519906
-0.56115246
0.0992143
-0.06447768
0.28088444
-0.4842238
0.11098149
-0.27578965
-0.0062959758
0.18626559
-0.23054653
0.13626204
-0.11233154
-0.20978938
0.16902949
0.18009807
-0.21553259
0.57975006
0.081468835
0.29711026
-0.09362961
-0.13522233
-0.0034270254
0.42161146
-0.043747492
0.18581803
0.21627988
0.1950846
-0.04428265
0.13493674
-0.057829823
-0.118042
-0.08892297
0.6655854
-0.10123271
0.23720564
-0.043542825
-0.7107518
0.3439986
0.080601566
-0.5381809
-0.054168742
-0.400287
0.25706214
0.31545308
-0.22831377
-0.055783637
-0.27101487
0.10621732
0.1244469
0.112892516
0.11230586
-0.5486596
0.3318609
-0.40992996
-0.23397385
0.18521176
-0.2954577
-0.17474836
-0.25077465
0.10046591
0.46031076
0.07210216
-0.0721481
0.6185766
0.17486906
0.60843503
0.049867876
-0.09382341
0.16967057
-0.30404237
0.5969869
-0.30220476
0.014545669
0.1411215
-0.47501785
0.33111513
0.055004
-0.5694106
-0.096987575
0.0058704684
0.09337956
-0.22068231
-0.3157542
-0.14370227
0.55936
-0.35986185
0.021748956
0.22469929
0.19297361
-0.2757904
-0.082545064
0.078999095
-0.4164845
0.38475356
0.38689098
0.13762306
-0.77866304
0.29603574
-0.17044877
-0.017110096
0.6127095
-0.43144113
0.019799227
0.007780008
0.252321
-0.18087879
-0.27633676
-0.34338906
-0.07910135
0.4182124
0.027302027
0.3679181
-0.21151564
-0.168137
0.18936498
0.16091791
-0.17296712
0.12726726
0.48779336
-0.035446297
0.58212596
-0.17841253
0.16752213
0.19676815
-0.74984527
0.6853624
-0.34930187
-0.056322716
-0.34605253
-0.42105398
-0.54269814
0.061423156
0.073303685
0.25308222
-0.56773484
-0.052173797
-0.057258166
-0.35892838
0.40269402
-0.07376282
0.056328163
0.077443145
0.06513792
0.385225
-0.27826893
0.20069008
0.24620202
0.45341912
-0.49907672
-0.027975483
0.45745844
-0.48786166
0.3061009
0.11212614
0.09621953
-0.28135842
0.72749394
-0.2603388
-0.39822263
0.32720748
-0.18941273
-0.28243405
0.040269747
0.14062367
-0.23723184
0.09857551
-0.2851119
0.37611473
-0.23369533
0.37903824
0.08968581
0.17726238
0.05707418
-0.6499272
0.23243879
-0.09405133
-0.03483254
0.18986824
0.059105556
0.42206037
-0.34449297
0.25069207
-0.29450536
0.3021581
0.2388202
-0.0019928901
0.033844445
-0.17026272
-0.32646823
-0.12818427
0.39896995
0.16669585
0.058679663
0.45224452
0.37841633
-0.022871887
-0.20953616
0.16912971
0.3303029
0.07919452
0.038280383
0.55738395
-0.4273948
0.12701602
-0.4588495
0.49262938
-0.2509631
-0.024235902
0.19081438
0.40210512
-0.27734566
-0.7374792
0.47313485
0.24721067
-1.032376
0.19489147
-0.11403665
0.13381068
-0.20033692
-0.2981003
-0.3705975
0.17934048
0.3672041
-0.5929251
0.26948777
-0.2275699
0.12815648
0.0178415
0.24359456
0.25351918
-0.13192311
0.052958585
0.025800155
-0.17529334
-0.09666986
0.10532262
0.17669402
0.5136963
-0.72427964
-0.15360533
0.12887116
0.24391271
-0.4267605
-0.53781044
0.66623974
-0.6352591
-0.21585302
-0.5145497
-0.08612554
0.020868137
-0.33430886
0.33031124
-0.10672487
0.09978382
-0.51887304
0.077843085
-0.18064125
-0.5626582
-0.04021695
-0.2095544
0.30007687
-0.1964922
-0.49770835
-0.3882929
0.02803795
-0.45004365
0.36298174
-0.123741895
0.05238207
-0.16954373
-0.22562888
-0.09437991
0.03725822
-0.19151534
0.17520754
0.66808903
-0.6637182
0.037479658
0.42214474
0.14583428
0.15029442
-0.6225094
0.6207897
0.2592754
0.13136959
-0.29172298
-0.031443004
0.33169106
-0.03752669
0.2562476
-0.23899156
0.3538988
-0.54985315
-0.1557738
-0.060086545
-0.4108813
0.038734954
-0.43628234
0.09813595
-0.51676196
-0.17227045
0.14688726
1.0020007
0.18719065
-0.52327865
-0.46049875
0.6305064
0.37666062
0.45863348
0.4095504
-0.397054
0.49754372
-0.46095142
0.11762794
0.25351095
0.036383968
0.32722935
-0.122989774
0.7432596
-0.002703278
0.008098961
0.19429208
-0.01797266
-7.8837955E-5
-0.53813696
0.070537835
0.4369697
0.31174776
-0.0646512
-0.093224525
0.18944553
-0.46154746
0.083725676
0.4834189
-0.6802133
0.4007039
-0.027636422
0.050409824
-0.08292238
0.09127565
-0.05742506
-0.09213498
-0.17147055
0.29440352
-0.67732716
0.95546085
-0.5203263
-0.49363232
0.4370044
-0.16625366
0.14187434
-0.062447954
-0.19922343
-0.32157335
0.22108416
-0.3284161
0.34987804
-0.11877669
0.24823332
-0.045932002
0.11527927
0.31813595
0.36345848
0.60319924
-0.4086621
0.20255399
-0.9444294
-0.086023904
0.3164035
-0.14169745
-0.6626012
-0.3867771
-0.49841276
0.29506907
0.06567705
-0.081515
-0.3251802
-0.19233198
0.101265565
-0.024623211
0.311385
-0.2191601
-1.0938501
-0.11418492
0.12233714
-0.7786242
0.31307134
0.34997612
-0.2687874
0.21746589
-0.38580993
0.19917722
-0.16785862
0.11872135
-0.047360905
-0.07127112
0.28635213
-0.43590915
0.21688077
0.10542069
-0.056764595
-0.2524808
-0.030461974
0.07346656
0.6038679
0.09044875
0.41122064
-0.29993457
0.7404319
-0.32237726
-0.3736026
0.978105
-0.3846558
-0.182035
0.025666105
0.05630409
-0.13919723
0.016357321
0.019958232
-0.10642475
0.09357091
-0.18537772
0.044048432
-0.23100598
0.39469886
-0.12993246
-0.40018988
-0.52029043
0.22929716
-0.85412544
0.705333
-0.0048043807
0.029249495
0.23104136
0.3954963
0.39031026
-0.14202833
0.058596864
-0.052872296
0.09519289
0.055641055
0.42078167
-0.12027086
-0.25577608
0.30432662
0.29773152
0.027571628
0.24598023
0.032571755
0.27345565
-0.13744901
-0.15769286
0.83731085
-0.37835276
0.13427438
-0.2859433
0.27543962
-0.046702694
0.47426572
0.0015368328
-0.16751564
0.23923849
0.008107861
-0.32576826
0.22978412
-0.020528613
-0.057051603
-0.587926
0.23878643
-0.2968613
0.21965468
-0.7089872
0.11746789
0.0036093271
0.025888007
-0.56671315
0.09253911
0.46516675
0.16723104
-0.27157226
0.04651283
-0.17188759
-0.32288536
0.5177735
-0.37108722
0.22024566
-0.5725704
0.6014669
-0.10283929
-0.3535244
0.41410887
-0.3425984
-0.0753578
0.43090588
0.15189567
-0.29059455
0.12363898
0.29351127
-0.67415833
-0.3091288
-0.030835202
-0.13821927
-0.2806194
0.03771363
0.020542761
-0.6894163
-0.12742357
0.2765347
-0.05440329
-0.70715165
0.2348283
-0.23734549
0.19643028
0.18198526
0.0367394
-0.4776004
-0.12043471
-0.30829886
0.24463627
0.027219228
-0.09354704
-0.033761024
-0.14361222
-0.22854435
-0.10639266
0.39241162
-0.1312514
-0.041764848
-0.0694769
-0.12131784
-0.008192892
0.09535957
-0.18943834
0.080174595
-0.0637073
0.28099695
0.2688846
-0.066859685
0.25268653
0.02898145
-0.31638342
-0.18909664
-0.23197277
0.111322746
0.13989192
0.18492523
-0.052078705
0.11981784
0.33240706
-0.25369248
0.32663974
-0.5511104
0.19538237
-0.038952556
0.38268092
-0.37241524
0.6338805
-0.22832857
-0.44289356
0.28121972
-0.3050234
-0.095328405
0.0017197379
0.4737695
0.06847717
0.03034493
0.2645565
-0.0972905
0.16464376
0.21124978
0.25557423
-0.6914522
-0.3032349
1.1402698
0.017696392
-0.34524292
0.026182426
-0.14818084
0.09266431
-0.21776453
0.34601742
0.06616199
0.2287924
0.02703798
0.14677168
0.004573027
-0.12746373
0.20216615
-0.20018408
-0.25529292
-0.17304632
-0.074398674
0.15024126
0.2549046
-0.103221126
0.06509215
-0.015186885
-0.124300085
0.11371351
0.042947732
-0.25035304
-0.027290896
-0.55375963
0.054516755
0.21454576
0.07378235
0.13036752
-0.510566
0.28224948
-0.3099721
-0.15165095
0.19966656
-0.6213682
0.64785486
0.016881542
0.4762532
-0.20122842
0.21327005
-0.5237429
0.6428169
-0.11619248
-0.0034660457
0.7083274
-0.55306643
0.17014119
0.58831173
-0.43187773
-0.29457974
0.4489992
-0.3912452
-0.1319656
-0.109045595
-0.28701222
0.3550532
-0.505708
0.6093026
-0.4789624
0.02463855
-0.519049
0.8675679
-0.37858948
0.40370548
0.31966415
0.058704
-0.07547032
-3.4216707E-4
-0.40845254
-0.2306355
-0.027356803
-0.43330047
-0.053706378
0.38538352
-0.18651354
0.2787436
-0.11695583
0.47038794
-0.32766095
-0.17566054
0.12275203
-0.2842278
0.34094796
-0.087984
-0.62726134
0.39745077
-0.35324904
0.093037695
0.50548154
0.15088497
0.36537522
-0.44023335
0.24664335
0.24811961
-0.47709486
0.24051893
-0.056217052
0.25665358
-0.22830261
-0.36293846
0.19362774
-0.21989305
-0.08938113
-0.10163713
0.7423815
-0.109187685
-0.54919696
-0.31390858
0.18603735
-0.10803903
-0.005870847
-0.21462928
0.046957508
0.37335792
-0.09430368
0.73403734
0.27529898
0.20366122
0.06519424
0.7579812
-0.30168903
0.5867426
0.31514502
-0.22206308
0.006600678
-0.13078845
-0.182286
-0.40031973
-0.3660648
0.46046722
-0.3033234
-0.31261638
0.62626326
0.2194864
0.027768034
0.70535237
-0.24178559
0.16404434
-0.3612188
-0.12411148
0.30463913
-0.5842876
0.7385251
0.15604588
0.3442461
0.44575092
-0.6110669
0.44796348
0.14323668
-0.27356556
0.123783275
-0.051503792
-0.6124635
-0.119823106
0.33057263
-0.019515289
0.24948737
-0.34062588
0.32227626
-0.08033996
-0.24045087
-0.21915598
0.3697152
-0.13417311
-0.20729223
0.17958963
-0.19195585
0.4104677
-0.7436339
0.028197017
0.69006467
0.31729034
0.015677622
0.15669239
-0.4519587
0.05731145
0.38920164
-0.63836426
0.49668217
-0.649978
-0.5746265
-0.08556002
-0.22401144
-0.5175565
0.12714452
-0.3067891
0.29659355
-0.20776424
0.09451531
-0.22544788
-0.09713875
0.95523906
-0.42015773
-0.116830274
0.30274507
0.60234284
-0.6476599
-0.4121792
0.122967094
-0.7388684
0.2618036
-0.07087161
0.31034923
0.27541122
-0.38309267
0.32532498
0.04209664
-0.42738402
-0.3070446
-0.37392184
-0.09190448
-0.29473323
0.0811592
0.23500238
0.22979987
-0.026091045
0.5847983
-0.11721733
-0.4441633
0.3161324
-0.5431667
-0.029723788
0.21871199
-0.21219392
0.106244326
0.12566543
-0.041887958
-0.054741874
0.12634663
-0.15763701
0.44532147
0.3507117
-0.38480633
0.35263985
-0.4407011
-0.32967275
0.13039163
-0.35905662
0.2398424
0.24439536
-0.24691403
-0.082054384
0.07079819
-0.10566322
0.88886756
0.12702462
-0.47517577
0.48561624
0.2886971
-0.35794377
-0.27906266
-0.0035496063
0.22799265
0.048426606
0.44353616
-1.1509659
0.20131306
0.0769734
-0.50450605
0.29781604
0.10646624
0.15129162
0.10616087
0.9231172
-0.26954535
0.34207502
-0.40892863
0.15169367
-0.2861256
-0.10646004
-0.054510638
1.1479803
-0.3888558
0.61216915
0.30545425
0.28556767
-0.2221899
-0.091478445
0.2609741
0.09368952
-0.38704047
0.20760815
0.43982393
-0.20032007
0.60246825
0.02566518
-0.62688106
0.22748561
0.1092275
-0.16055602
0.74955887
-0.03199481
-0.13497226
0.27496746
-0.8056379
0.18178315
-0.09699956
-0.542165
0.31461376
0.646324
-0.42805853
-0.04011704
0.5350862
-0.5668376
0.429752
-0.34155592
0.7704892
-0.60882765
-0.216424
-0.189813
0.65003777
-0.7806329
0.6042894
0.7294323
-0.31534
0.59734386
0.07040395
-0.49924645
0.53874207
0.468928
-0.3151637
0.32146555
-0.06790479
0.017290067
-0.21645215
0.20175757
-0.20464946
-0.012086888
-0.33143726
-0.2031664
0.21580191
0.03383076
0.22845723
-0.16055392
-0.16352312
-0.40558082
0.57507116
-0.47541544
-0.65406525
-7.171918E-4
-0.18796793
-0.0646124
0.47582498
-0.561383
-0.0044645057
0.12292341
-0.39493456
0.05498478
0.088698626
0.081286415
-0.22889622
0.3517014
-0.3949375
0.36274952
-0.31603146
-0.07160794
0.23185422
0.050882053
0.75306356
-0.3383998
0.024206856
0.53741485
-0.5087683
-0.55158263
0.17684968
-0.25137514
0.016494706
-0.13984372
0.0094211
0.11196282
-0.7168143
0.35127872
0.068816476
-0.11660255
-0.17841725
-0.06542079
-0.45737883
-0.26546445
-0.34960103
-0.37472558
0.31066078
0.17159444
-0.76936173
0.07383683
0.2985166
-0.04432933
0.09469987
-0.06473757
0.4226766
0.038422734
0.066009216
-0.715632
0.28571337
0.20890944
-0.1454534
-0.18824129
-0.3106902
0.26491264
0.39661184
-0.15540266
-0.06368596
0.50484574
0.43506703
0.041679937
0.25610602
-0.49144816
-0.22722656
0.16344309
0.13588217
-0.06074874
0.053819593
0.15487374
-0.1375532
-0.002351056
0.32872075
0.06954222
-0.119676545
-0.11972517
0.038536645
0.1496063
-0.39027074
-0.24898268
-0.27107695
0.016716
0.18382429
-0.011063524
0.21645232
0.73218906
-0.09922583
0.23355173
-0.25484577
0.28506526
-0.31783113
0.07701246
0.6185285
0.006611916
0.23535533
0.27976605
0.4093269
0.13646686
0.25456268
-0.28921255
0.4785886
-0.36993343
-0.26202005
0.0901438
0.20618622
-0.026674718
0.02790574
0.15058301
-0.21176086
-0.16133939
0.091850206
-0.50371057
0.5685655
-0.10279047
-0.4508037
0.156559
0.4461569
-0.4832249
0.20535983
-0.20492576
-0.21271676
0.0015907625
-0.37031364
-0.14906314
-0.19850086
0.13847783
-0.24777652
0.1340861
0.3504387
-0.38945282
0.22367257
0.08198112
0.24542442
-0.24283755
-0.08708474
-0.2807256
-0.09185366
-0.12954196
0.1426901
0.03954441
0.30592674
-0.25165096
0.3365542
0.5953607
-0.5192331
0.44415656
-0.26934546
0.08719448
-0.18632622
-0.7991057
0.056480948
0.1916656
0.089914754
-0.22884165
0.34466928
-0.47808218
0.1835032
-0.48752636
-0.16573995
-0.33998445
0.12557004
-0.6326199
-0.20779894
0.085623614
-0.29838598
0.4322145
0.35757157
0.006814596
-0.59302974
0.3423157
-0.35360667
-0.21001174
-0.25866663
0.7110529
0.008590408
0.06376474
-0.36528632
0.7180047
0.38150135
0.0033012093
0.108839
-0.13504805
0.2225234
0.04061711
0.19529873
-0.32657656
0.3804241
0.099227585
0.015665008
0.08048278
-0.18120682
0.39007905
-0.42668262
0.140674
0.073736966
-0.087729335
-0.24666956
0.30403453
0.2869971
0.38677594
-0.14130396
-0.07176591
0.16096188
0.079749055
-0.70887905
0.0707657
0.109300524
-0.29914832
0.26044202
0.19650361
0.018759895
0.57689285
-0.47689962
0.7136237
0.039855335
0.17145555
-0.072393715
-0.07699543
-0.43539104
0.29862484
-0.033733364
0.5706095
-0.11872072
0.33520487
-0.5657767
0.26815957
0.2053148
0.1138811
0.27116603
-0.2195395
-0.120158374
0.01290864
0.28718615
0.19589296
0.53880274
0.2853663
-0.04993855
-0.11569658
-0.008641585
0.2860732
0.005689005
-0.27663663
-0.24994692
0.093181476
-0.09521684
-0.37547612
0.2808494
-0.39304566
0.17969741
0.036214307
0.12010938
-0.14375067
0.1063826
-0.6706883
0.19988534
-0.4711559
0.0064816577
0.40707013
0.036559943
-0.22109784
0.09865333
-0.55131775
-0.54012614
0.023178583
0.11412617
0.06337942
-0.21794486
0.24866652
0.33039412
0.04996665
-0.041239694
-0.30653626
0.32074672
-0.7172053
0.24209495
-0.2702912
-0.11862624
0.0013711627
-0.2551496
-0.035455566
-0.5974572
0.16197251
0.46183902
-0.04870224
-0.1332696
-0.314526
-0.02902753
0.13908555
-0.019909015
-0.0079779085
-5.0863903E-4
-0.42750612
0.011288082
0.24309556
0.08974328
-0.68936473
0.11717373
-0.85194385
0.06437027
-0.76041096
0.33250815
-0.050718628
-0.124456175
0.21846066
-0.40157515
0.6132448
-0.053256594
-0.12020425
-0.15673201
1.1838515
-0.5720558
0.3369318
-0.20632492
0.033607703
-0.0019724478
-0.022850884
-0.22117971
0.41849074
0.23136522
0.33100218
-0.30796912
0.096143335
0.16416246
-0.27599785
-0.009782644
0.7254751
0.07154973
0.256607
-0.40063366
0.22921777
0.46262327
-0.49893793
-0.17033856
0.21576586
-0.10742692
0.13539876
0.24610472
-0.112503916
-0.09974927
0.23141448
0.11778348
0.085228935
-0.053864714
0.054833416
0.004597291
0.31057632
-0.05216728
0.11301504
-0.09919742
-0.06552625
0.01658867
-0.01994233
0.09588034
0.42390195
-0.10910442
0.19633189
-0.18692665
0.29461247
0.007840078
0.5054951
0.009278277
0.27939418
0.013361828
0.6131686
-0.14515197
-0.32466823
-0.3379359
-0.1990881
-0.011150691
-0.37302473
-0.16507071
0.031013757
0.3613831
-0.6656923
0.07178838
0.011421706
0.24337855
0.34093836
-0.5154069
0.5444901
-0.49244568
-0.28736728
0.11228206
-0.32185838
0.2723073
-0.3583258
0.077213936
0.073580645
-0.22706343
0.019921208
-0.18983248
-0.048542812
-0.028405452
-0.3182632
-0.16344853
0.3689255
0.030058432
-0.5832026
0.12262606
-0.1616332
0.5598989
-0.07461868
-0.15204225
0.088961944
0.3357776
0.32118613
-0.5052514
-0.12717877
0.15057762
0.18824619
0.10817641
-0.99047756
0.49752226
0.054763056
0.11026444
0.49622092
-0.44650316
0.43864998
-0.6254639
-0.61358076
0.7263537
-0.33604568
-0.75223196
0.39832887
-0.4415868
0.21555215
0.26728463
-0.4099292
-0.04005845
0.4454696
0.36591423
0.59025425
-0.21136872
0.47895044
0.22248839
-0.12974511
-0.1656423
0.03297224
0.078468084
-0.35206914
-0.12904727
-0.22917637
0.14190486
-0.3135163
0.5533588
-0.3385194
0.37488216
-0.15348932
0.13076305
-0.47786298
0.31098682
0.51366854
-0.2785323
0.00943754
-0.041181795
-0.3840726
0.42876285
-0.04533958
0.04173876
-0.08341814
-0.15478738
0.020165943
0.05949092
-0.0073371464
-0.29588678
-0.17594455
0.3704303
-0.27799952
-0.49466047
-0.06778596
0.77299666
-0.044715144
-0.4217581
0.19034387
-0.40094563
0.69256836
-0.09955821
0.41352987
-0.2551582
0.03885077
0.060776953
-0.29673854
0.9208429
0.083962016
0.3907371
-0.28766075
0.7266294
-0.14848834
-0.1641418
0.44382805
-0.60386074
0.29106048
0.11650831
0.0056086206
-0.89975137
-0.49923044
0.42096245
-0.4611597
-0.09687355
-0.15644194
0.31645036
-0.37882075
0.13152048
0.1581211
0.0081305
-0.18375012
0.38081145
-0.39700267
0.13564639
0.16936342
3.3033136E-4
-0.114217676
0.4784945
-0.3539378
0.18340527
-0.6179192
0.31161803
-0.16023661
-0.008355622
-0.25680742
-0.134195
-0.07241685
0.2838692
-0.58188313
0.09044551
0.010317882
0.2293425
-0.05447599
0.061628543
-0.23484415
0.0032014877
0.02432196
0.3603148
-0.34944877
-0.28436953
-0.16674897
0.29226008
-0.49025396
0.77961636
-0.21485858
0.15373462
-0.42783883
-0.15911685
-0.42930418
0.43415114
-0.5035676
0.3774799
-0.5233565
-0.06008885
-0.18617873
0.24285647
-0.048611578
-0.29384154
-0.113131806
-0.07562769
0.23670396
-0.26032612
0.1916449
8.489546E-4
0.44244495
-0.13255018
-0.3281994
0.12046149
-0.041877028
0.03728364
-0.30095002
-0.19236375
-0.0767768
-0.063170575
0.27965012
-0.7941795
0.5521919
-0.31885192
-0.046049215
0.16675527
-0.54209304
0.50291973
-0.3069241
0.008832967
-0.047152694
0.02601926
0.14252704
0.5666439
0.011899644
0.055537846
0.045308318
-0.04488939
0.15169929
0.21634422
0.10495
-0.47904593
0.25993016
-0.37845716
0.7472884
-0.5030547
0.033025846
0.22724988
-0.29894003
0.109748244
-0.21043131
0.21552315
-0.21621811
-0.015597197
-0.81666774
0.26458275
0.039575625
0.25470003
-0.2410245
-0.09432428
-0.13073924
0.43525437
-0.81531465
0.1917731
0.1419147
0.23149914
-0.8951885
0.84921
-0.41513354
0.37901938
0.14604856
-0.40588856
0.37437686
0.26458794
0.04187279
-0.18759368
0.053899147
0.3422643
-0.12874182
-0.0029771435
0.32551834
0.16893339
0.06897506
0.05753136
0.17281742
0.017718604
0.20483723
-0.35001424
0.07414546
0.13069166
0.23172106
-0.20348528
0.22988257
-0.1419704
0.17517649
-0.26609933
-0.52040285
0.2226246
-0.108800314
-0.06411107
-0.2901121
0.5152074
-0.27990702
0.34268984
-0.24331054
-0.044947803
0.032067824
0.3888805
-0.42510244
0.24949461
0.12724721
-0.24836768
0.26134998
0.22960606
-0.0795211
0.61731905
0.006255824
0.48647782
0.17225003
-0.41752532
-0.18895087
0.36701798
0.8220286
-0.36696574
-0.06840241
-0.2844115
0.62367165
-0.20987628
-0.48610887
0.4269132
0.17868084
0.35172108
-0.4853452
-0.32330182
-0.22942804
-0.42815527
0.20431386
-0.7079879
0.45970872
-0.1861195
-0.06509397
-0.032037508
0.18553463
-0.08674999
-0.13052832
-0.25557467
0.23671722
-0.714858
-0.04270015
0.31346747
0.100210175
0.10608051
-0.22170918
0.062418282
0.2586874
-0.108875
-0.89245635
0.37144065
-0.038278043
0.28815624
0.57741904
-0.7127777
-0.03672983
0.3027249
-0.35757735
0.13548262
-0.45961252
0.16991499
0.6503793
-0.4798225
0.2856315
-0.23019369
-0.06048937
-0.091975346
-0.41414264
0.1013886
0.14285995
-0.23295029
-0.26665875
-0.1250966
-0.15573576
-0.42818403
0.6843797
0.06504055
-0.53797066
1.4077697E-4
-0.7294016
0.30173442
0.5064589
0.31906927
0.14640993
-0.28607643
0.4113214
-0.46399805
-0.08983012
-0.4970899
0.58158326
0.3405724
0.025532808
0.39141116
-0.31219923
0.55631
-0.49414378
-0.12824428
0.079226375
-0.02680115
-0.03534916
-0.14806946
-0.2222811
-0.031879745
-0.4401938
0.7946682
0.111700445
-0.006084471
-0.4725355
0.23336673
-0.17803688
0.02228083
-0.4100322
0.16021001
0.17297599
0.0964605
-0.117790446
-0.49395132
-0.02898273
0.03435225
0.5423401
-0.22460037
0.015839636
-0.13192005
-0.0947771
-0.5991426
0.14576626
-0.3719346
0.33058596
0.16301262
0.34219342
-0.51937264
0.0176678
-0.06662394
0.004853678
0.29565197
0.5401297
-0.74319386
0.38038528
-0.17375626
0.1461907
0.36912277
-0.2977575
0.50683284
0.21584353
0.20737067
-1.0583035
-0.031894393
-0.42459604
-0.3754951
0.36631635
0.16722362
0.0324888
0.1496339
-0.33579782
-0.03455859
0.3486376
-0.0046343305
-0.3604721
-0.39319
0.429509
-0.34935224
-0.2173772
0.104636736
0.32527882
-0.32440147
0.34208366
0.47348377
0.22931248
-0.30150348
-0.26397818
-0.05472871
0.09828451
-0.507788
0.4380069
0.29350474
-0.025058866
-0.030028645
-0.1379708
0.36855012
-0.063136205
-0.085946135
0.2818685
0.15717416
-0.40665862
0.5201617
-0.24983281
-0.047648393
0.45411697
-0.19676758
-0.0019730069
0.150303
-0.18631534
-0.108840376
0.032575835
-0.36919087
0.5400141
-0.6650622
0.43730283
-0.42271596
-0.35028288
0.37018663
-0.31737626
0.25337344
-0.037770703
-0.24432476
0.07466168
0.011666894
-0.25051764
0.8060694
-0.06887668
0.3154064
0.14583282
0.508408
-0.42753506
0.254941
-0.42648068
0.14573197
0.19667414
0.11839957
0.31387118
0.32788527
0.22938685
-0.2349278
-0.0112046385
0.14532042
0.42900997
-0.21368176
0.13752374
0.2789363
-0.31137106
-0.27442428
-0.3429577
0.55520535
-0.217826
-0.05128809
0.21523626
-0.1143744
-0.18239166
-0.24430051
-0.45326135
0.35021383
-0.12589155
-0.37192395
0.24072862
0.55963266
-0.25364324
-0.424647
0.6041421
-0.10185829
-0.17357098
-0.0067305816
-0.31291795
0.33227155
0.17451167
0.048814025
-0.38728756
0.04626971
0.13057278
0.57921827
-0.1895922
-0.2892047
0.60624814
-0.38624257
0.4641712
0.21687631
0.06363808
-0.49882752
0.1929011
-0.07067547
0.370553
-0.3812961
0.03260914
-0.5491421
0.005854401
0.303725
-0.19097793
-0.27873373
-0.16247164
0.19047624
0.5610871
-0.5775568
0.049073096
-0.04926455
-0.4025268
-0.5167087
0.14353026
0.39200288
-0.008378557
0.3420892
-0.075097516
0.1682594
-0.77461815
0.2732406
-0.1900527
0.8272377
0.04793516
-0.41069582
0.37966394
0.0019328236
-0.27918947
0.54459244
-0.124285415
0.31872547
0.12448091
-0.022935007
0.17081496
0.20351757
-0.10120211
-0.4205835
0.3396849
-0.036240526
-0.5342664
0.10636185
0.45188448
-0.18428853
0.5395438
-0.11834211
-0.42600492
0.91489315
0.027250169
0.01071004
-0.40998697
0.46139887
-0.006289357
0.6365656
-0.32529336
0.5108637
-0.55713314
-0.24539843
-0.08812073
-0.038948957
-0.025145866
-0.2571201
0.2832936
0.35077533
0.022730669
0.42294344
0.09151338
-0.108398475
0.31926918
-0.02432811
0.38696608
-0.028367886
-0.1828636
-0.022550397
0.18071587
0.14824523
-0.25139636
0.6951397
-0.53534186
0.2999937
-0.5380787
0.57499194
-0.76234853
0.80585754
0.7712689
-0.8615661
0.22386675
-0.49429402
-0.11332958
0.4281085
0.010862953
-0.10293649
0.1643805
-0.13013443
0.08603787
0.017078899
-0.27665976
-0.3775806
-0.32076418
0.18703566
-0.046333652
-0.09369707
0.20018354
0.24585442
-0.18245082
-0.11974763
-0.5398592
-0.20819044
-0.17081988
-0.5804885
0.4253167
-0.6509902
-0.115630366
-0.45700413
0.7389779
-0.63190085
-0.2764444
-0.41723013
-0.20042336
-0.090157576
0.511664
0.03113508
0.10330063
-0.057809513
0.1632857
-0.20943262
-0.21259862
-0.5131407
-0.360805
0.11416762
-0.9245427
0.5221933
0.1890913
-0.026844965
-0.84588444
0.12075674
-0.6189893
0.27740318
-0.019640414
0.079966255
-0.3168288
0.0049629626
-0.046699133
-0.24949932
-0.08075499
-0.17353936
0.02186122
-0.5344972
-0.24164443
-0.12369381
0.019790782
0.36619082
0.003980305
-0.643771
0.4086383
-0.36010963
-0.09191209
-0.13316691
0.124739446
-0.011921093
0.024203682
0.074294135
0.202195
0.37244278
-0.5105307
-0.19241057
0.16007622
-0.057579394
0.1438343
0.3287216
0.52654994
-0.03635915
0.5966592
0.011895234
-0.09293865
0.16414858
-0.01960589
0.40188763
-0.23370348
0.39147103
0.35598758
-0.18537906
-0.17755313
0.4127118
-0.77651185
0.24036373
-0.4021071
-0.1462957
0.008873708
0.55234283
-0.043545824
0.14902416
0.15135854
0.37042898
-0.2889142
0.19508155
-0.2696358
0.44935977
0.2607307
0.6403953
0.41727823
-0.15238999
0.1600059
-0.45123073
0.37120694
-0.0015856851
0.111403316
0.18440321
-0.13506925
0.31881797
0.18649167
-0.27454835
0.3899007
-0.6958805
0.37612188
0.07294463
0.08195657
0.17663652
0.65560454
-0.34952542
0.054814402
0.546228
-0.81509876
0.55243284
0.093141444
-0.15947336
-0.32907918
0.467164
-0.32105413
0.3111678
-0.17483996
0.16867498
-0.016603926
-0.030589849
0.06673944
-0.12768097
-0.11752205
-0.40887016
0.4582762
-0.29294214
0.10564681
-0.5510436
0.04823424
-0.4086534
0.48227647
-0.9058506
0.14429235
0.24958298
-0.23034799
0.42693096
-0.072865576
0.33522
0.04434939
0.28328672
-0.33147892
-0.14789535
-0.1073624
0.1215589
-0.033112425
-0.43890685
0.09119305
-0.9226026
0.26965132
-0.2871074
-0.08092155
-0.40905946
-0.6026073
0.08051365
0.0077092918
0.021387668
-0.0369356
-0.24958782
-0.12998989
0.03483148
0.31526423
-0.33239403
0.06974673
0.21919702
0.11633684
-0.025442766
-0.4158442
-0.060243707
-0.5082998
-0.27227578
0.17048804
-0.65782803
0.48296288
-0.054840706
-0.21449976
0.1458631
-0.18583424
-0.063579805
0.011566156
0.16604964
-0.09120851
-0.47337785
0.4465491
-0.057313323
-0.25927708
-0.30586505
0.44905028
0.10289401
-0.3359383
0.71256924
0.17079872
0.12174975
0.2468698
0.024651201
0.265605
0.34866488
0.13256115
-0.09738802
0.6983516
-0.5586049
0.28928706
-0.086326756
-0.89358205
0.17996792
-0.1374904
0.307648
-0.4170685
0.4890885
0.3011906
-0.17480808
0.62836015
-0.27615246
0.35828775
-0.08033152
-0.103720956
0.4639443
0.31455657
-0.22709145
0.31629407
0.5689681
-0.52198726
0.36148408
-0.37313235
0.34970796
-0.17471948
0.14292884
0.39900652
-0.32856968
-0.30287012
-0.11431
0.38868436
0.0454355
0.3182117
0.3871178
0.1480991
-0.20306881
0.43252835
-0.23709288
-0.15112683
0.00507314
0.4515339
0.50854707
-0.5352775
-0.42529514
0.39835033
-0.010931982
0.4064552
-0.6485575
0.25073752
0.11825729
0.01904627
-0.23836482
-0.1590917
-0.07931783
-0.11186642
0.22191125
-0.93688947
-0.08619691
-0.18502426
-0.17342967
0.07843984
0.3633412
-0.076665565
-0.73773324
0.303491
-0.4328322
0.7840097
-0.3952994
0.028682495
0.057569128
0.41250136
-0.54802406
0.4127406
0.12557507
-0.4576219
0.4401425
-0.25309238
0.018123548
0.0084328065
0.12305398
-0.29972813
-0.10020527
0.21555467
-0.7101102
0.353563
0.054796115
0.12036509
-0.27666244
-0.11564719
0.12363614
-0.36658734
0.7493846
-0.1936013
0.03225795
0.35630402
-0.45015812
-0.016991973
0.004264813
-0.068265304
0.2744201
0.021074869
-0.28704265
0.05424746
-0.17441665
-0.19760363
-0.11306184
0.13737313
0.64051414
-0.4210038
-0.37809262
-0.8787925
1.3194176
-0.2779681
0.17419025
-0.35478488
0.062532395
-0.20632218
0.26802364
-0.3160807
-0.17331013
0.30608514
0.5532608
0.25569472
0.6001128
-0.35519812
-0.0034258352
-0.0082655
-0.0335003
0.39714295
0.7116038
0.18945661
0.042912863
0.16371162
-0.057419226
0.1468845
-0.460672
-0.565616
0.24656324
0.45112413
0.11328062
-0.41238543
0.09122431
0.35964388
-0.38560614
0.5530363
0.3462725
-0.35835156
-0.0057532587
-0.2223084
0.18604642
-0.1695159
-0.025007093
0.46884942
-0.23971437
-0.04842729
-0.060572814
-0.49284312
0.09335064
-0.4457892
0.34849465
0.24665461
-0.2228511
0.14217813
0.07931385
-0.17102097
0.12965168
-0.034730915
-0.33452985
0.5632761
-0.6848084
0.2885295
-0.03725746
-0.08542027
0.56848246
1.1019939
-0.18317942
-0.37016746
-0.6560051
0.6101017
-0.5474812
-0.06369497
0.25280944
0.32743633
0.02783985
-0.11494473
-0.1624487
-0.7192158
-0.12807456
-0.15631843
-0.14071585
-0.13918206
0.03342774
0.0181599
-0.9426969
0.2697319
-0.44956496
0.15843621
-0.38058996
-0.66605186
0.7746659
0.104917094
0.37571874
-0.9246883
-0.57187784
0.06721774
0.035717595
-0.09231661
0.03974572
-0.2091993
-0.4298537
-0.2957854
0.30826768
0.20947443
0.20191443
0.041434404
0.13935253
-0.2740905
0.017834043
0.30807194
-0.27885485
0.5945924
-0.07398698
0.08082911
-0.34589034
0.10531965
-0.017780794
-0.6439222
0.3028458
-0.18375129
0.65427554
-0.57343906
0.27679777
0.46943638
-0.40619445
-0.19244596
0.8263052
-0.27873474
-0.47087696
-0.52693045
-0.3396374
0.1897535
0.34552398
0.4174518
0.30418923
0.58999085
-0.56117153
0.28318462
-0.05290489
-0.42863142
0.62927735
0.05842316
0.7172529
-0.71672547
0.46480435
0.34133875
0.34047207
-0.2511005
0.48690364
-0.012607526
-0.18993542
0.43880248
-0.09459183
0.468217
-0.2026976
-0.024443895
-0.3218958
0.8272622
0.37178203
0.6305255
-0.3900355
0.20114043
-0.10961528
0.15852083
-0.10295175
0.46787995
-0.60723054
0.23430258
-0.5657884
0.4458849
-0.18197648
0.718719
-0.5806286
0.29753387
0.035341475
0.035539724
-0.22539817
-0.0046901656
0.085558355
0.1672776
-0.42331317
0.13220327
-0.12977159
0.25165945
-0.35798877
-0.17637402
0.01352476
-0.20855978
-0.058363013
0.7005329
-1.3877814
0.35396835
0.78416806
0.29425302
-0.3973707
0.32860956
-0.8467654
-0.32743767
-0.07867207
-0.63086843
-0.09192896
-0.114553645
0.0763793
0.25894266
-0.7940495
-0.39749247
-0.15681274
0.38373977
-0.30121344
-0.057092287
0.47203553
-0.78694475
0.19437909
0.46656576
0.009094132
-0.2051177
0.29073375
-0.079859465
0.21671091
-0.25463793
-0.23116812
0.27920613
-0.14632805
-0.31110677
-0.035175633
0.09057189
-0.09191434
0.33668414
0.0028395008
-0.18220837
0.3765303
0.18455788
0.059421353
-0.031820256
-0.16867177
-0.6697227
0.3421716
-0.31620848
0.39623556
-0.11391112
-0.077013336
0.11543002
-0.08397547
0.20355344
0.10391445
-0.24016841
0.57997924
-0.21900263
-0.05830949
0.82719713
-0.61243695
0.05021041
-0.07148902
-0.10822161
0.55042416
-0.3758993
-0.26965278
0.49385267
0.042283043
-0.22119242
0.317503
0.16469301
0.054494027
0.3821318
0.53565556
-0.58818567
-0.05864752
0.002167027
0.7292862
0.5613191
-0.36546925
0.24575227
-0.25676975
0.0959154
-0.3857451
0.5364064
-0.522568
-0.17622708
0.0045347787
-0.123155415
0.012702264
0.22239245
