58.22356
-12.9707775
37.255688
3.8237438
-1.3644239
2.1944396
-11.907429
92.419235
-35.068916
-8.386088
-62.961174
60.094025
24.282679
22.829374
-30.61063
-7.9961267
31.795948
-22.864555
59.80353
-7.9051194
13.467886
-96.44465
24.520954
-54.244877
124.09325
-116.02869
17.946714
31.852812
33.252052
-10.645479
3.9025576
-48.026943
-1.1381066
14.506832
-40.173794
-53.96654
8.371048
139.49426
-188.92406
44.008736
49.00139
22.401812
-40.987537
68.32358
-38.46381
-58.350742
16.88721
22.561613
11.175463
-31.117153
-35.724277
53.181324
-11.80722
23.325788
6.0400615
-56.555737
-11.752436
-1.2436559
-83.41323
-66.73254
50.86474
-53.367622
3.011433
-69.72107
-37.351917
-30.371332
66.877945
-93.319885
8.567899
8.896222
-61.995346
17.209534
1.2697607
42.14984
-20.231024
5.006307
-86.29753
-9.0238495
38.363674
70.108315
9.585809
-3.8813875
-78.55
54.951805
5.5765605
60.356678
-57.160492
23.316122
8.471657
-54.29428
22.80396
11.63997
-20.179787
57.60575
9.248903
-80.98227
-1.6918528
-5.8443604
-3.72929
-9.404354
58.766914
106.83702
-60.675632
-11.983265
45.30371
-8.225454
-43.44282
-5.140902
-44.962124
122.49303
3.3327253
-39.4405
9.335866
130.37878
-24.634535
-25.764132
39.219067
-91.9802
2.9775212
-13.941996
47.652874
127.67781
24.168243
30.977861
76.03076
7.5621142
7.246408
-0.5918788
14.924883
-11.834588
32.468216
33.054707
21.574673
-8.005749
34.488308
8.774279
3.7639592
91.06355
-21.407564
-61.320255
29.0668
-1.4335693
-0.06020111
21.833038
-138.11652
7.489943
-113.501686
38.062973
-67.64186
-20.171698
92.398254
-34.230644
17.4875
-23.563313
-29.893375
11.634068
1.0098511
-100.31266
29.635077
147.01596
-40.30333
17.80445
64.991425
-52.95892
-21.29305
29.852573
-35.06925
-50.685947
-14.043842
41.30049
66.955536
-28.027508
56.749615
-27.96231
-23.155396
-101.025894
6.344132
10.520918
54.179977
-84.56201
33.720627
59.782387
16.315773
35.542667
-16.106157
-79.29914
39.83431
21.391525
-62.9175
-5.2609267
33.206024
-18.610054
19.053543
3.826771
-66.91563
4.5537734
-43.524178
16.515963
13.773282
44.55688
-77.41497
-25.015057
-35.36551
-46.021294
67.34929
-21.135805
-6.2841163
5.0882483
1.7323143
67.35349
98.20933
3.024954
35.077034
-2.0978365
-3.0039074
34.899582
-77.10767
-4.550838
96.972534
-10.592644
-33.57808
-60.44806
28.247618
51.90347
-49.276257
-23.333773
-7.0281067
-10.729072
-34.266632
-3.6869328
-33.92298
112.7689
-68.63073
66.35583
-50.17439
-21.52308
83.867775
-62.14333
134.56018
68.59989
-46.396427
-106.41384
97.31966
27.513329
-37.330578
8.474669
-34.13481
-130.10631
4.808305
12.1546135
27.232027
-33.68544
20.032244
41.11118
-17.177183
109.89407
25.09478
25.460285
-31.195724
73.866745
-117.91944
43.05871
-78.43936
41.657047
-87.15958
78.013725
110.36996
-31.89497
9.68585
-95.11151
77.51243
-29.55856
26.884386
71.774605
-63.21517
-95.8137
13.209111
3.2983909
-6.0043416
-27.648685
-23.845997
78.218575
10.331915
-35.1789
91.0597
-12.66558
-41.421906
-34.281765
-37.13243
68.207855
-62.443687
96.097565
70.31724
22.39055
-45.443
34.188316
-29.562258
-69.4511
9.763085
0.9130433
-97.04632
34.243877
-128.83995
40.454914
-30.582945
19.624098
-59.332836
-28.40049
61.16921
-32.06689
-29.965746
167.774
-21.442692
-48.916737
-20.004864
-88.92899
29.879507
-18.378534
-130.73639
12.375504
-28.853943
-38.31916
-46.230827
37.97355
-52.133408
105.30971
-55.190243
-18.29372
92.35647
-16.514061
33.24642
-20.449926
-18.121212
-8.540454
3.988657
24.4924
-9.549985
38.21487
-32.365498
70.09353
102.01211
-59.366253
67.22788
50.233475
45.159252
-58.461346
-25.501999
55.434883
-40.571926
-36.34016
26.541182
83.13449
-89.022385
66.1411
-13.858411
-35.83755
-3.8601048
-44.633926
73.86319
-11.693381
-71.97064
41.225075
59.474335
-59.180702
18.823011
24.86912
-60.814606
50.881477
-11.863929
12.952567
12.407978
42.890537
42.829266
-71.84984
45.43956
-30.618467
-26.534578
8.605463
47.084908
-0.8450386
-6.571232
-51.099945
141.82495
20.798788
17.37248
-46.254177
7.6852064
26.70598
-114.645966
84.20258
18.519157
-43.463833
72.92721
-71.39583
-29.643702
-43.369823
14.397414
-12.476222
42.331615
16.68139
-95.66817
-52.049446
60.06503
-112.3237
-89.74472
-6.836835
-50.341072
-50.214897
61.4457
31.500273
-9.252541
-4.411122
-68.33309
5.411558
57.939934
10.112734
33.846943
-32.41383
-67.19685
55.877857
69.78208
-51.191177
49.515545
-94.9702
78.58795
-14.079449
-68.52815
37.171417
71.62004
-8.869556
-61.387775
-5.7462225
52.33512
-127.48572
40.56511
-47.911415
-15.920247
-12.82254
28.161415
23.320465
10.951889
38.00765
-27.957882
106.76321
-72.98756
24.298882
32.495934
-124.35213
97.31411
93.04329
66.98827
37.923653
-0.2197748
-92.67557
67.62006
-72.6271
7.4967117
-79.14309
58.151054
66.95759
12.2777
38.107243
-43.05775
16.681696
83.336136
-38.370964
53.344948
-28.625916
59.546066
25.443949
56.706833
-35.97289
16.785227
-133.58339
10.359451
-15.958696
9.136692
34.05407
-4.097974
-75.112755
-8.726117
13.307693
-10.627492
9.177699
-6.538822
-63.166084
50.338226
-21.45871
87.52356
-104.708855
46.728077
-5.48917
-69.84034
103.69646
-52.974712
-30.424227
41.953274
9.365324
41.559643
49.677864
33.79002
10.889197
5.3550973
-36.24871
59.34207
3.5709643
-82.31713
36.39626
-68.494705
83.38991
-86.29849
70.92172
-174.41092
-2.09701
-51.160526
74.01838
-42.822414
28.859312
-7.603292
-52.129803
-3.0149143
8.954037
35.12558
6.685068
-37.835594
-43.436523
41.869583
-107.09036
94.45968
-59.70919
79.10892
-4.63619
-16.38573
18.693716
-24.54508
65.71953
-3.9822233
37.013145
8.097522
-33.581043
95.52205
-71.61642
37.874332
-1.6994888
2.1161282
-104.38913
8.647902
61.44088
-27.529545
-12.829079
70.03078
-4.782031
-46.426144
54.95858
-12.564763
13.248673
-0.95806396
-6.585561
102.239044
61.472504
-103.22696
38.813828
-40.14059
-16.221712
-35.335648
-73.60949
23.953596
4.3005977
-112.838524
131.03833
-48.429783
63.77351
-28.799332
-1.9076383
23.049208
24.260778
59.89932
-39.138763
3.170682
20.746975
10.221646
100.44623
-112.79705
41.67319
22.390873
-34.66188
43.855175
-18.427452
-31.933168
0.8426236
-11.038415
-32.01388
78.51749
-70.96502
20.104425
-77.21236
0.5421722
40.04386
-88.02883
22.090778
-49.422085
8.089828
112.66321
8.023497
-106.13077
-28.176226
-13.449102
55.55887
57.244705
31.686787
-37.02526
35.170216
-51.628567
7.210759
-14.596179
-24.0281
9.379617
20.118643
-39.84424
-25.667389
92.57063
-68.27987
-84.70574
82.07895
-78.379845
47.150528
-22.768776
27.368362
91.47698
-65.13391
67.510925
25.663885
-1.3368332
-58.30677
-35.289623
115.6634
-11.125309
28.19201
-89.65154
-3.7289314
-39.31149
-64.696846
36.077415
-89.5754
-3.3077145
-17.489408
53.41867
100.74618
-104.78167
22.937717
21.300264
-89.57322
60.53501
24.77121
44.229733
-5.373345
-56.04988
45.84005
89.489975
3.626882
4.930954
20.334026
26.582594
-35.40179
103.55038
-51.224487
-1.394405
-53.358803
-30.213436
20.191303
67.44391
54.37155
-68.27304
-27.731182
-16.497736
41.20519
12.151665
-36.738014
-1.1704909
43.557407
13.589523
-22.363096
4.558267
101.356255
-77.02639
-12.683443
-100.37908
173.88867
-46.525223
-95.58427
75.99419
-39.75576
-62.29353
95.4567
6.3867106
-110.81604
131.45154
-170.00717
-4.0391507
-49.625374
-42.023518
4.5212774
-75.21546
-5.683367
20.655003
35.17763
16.70993
-5.1781325
68.33253
-117.84162
-17.928713
-62.18615
72.48658
-18.08635
14.615426
38.662746
-19.887814
34.03105
-45.00269
29.683512
-95.011604
15.87757
-52.873318
-33.7816
21.510054
-35.137905
47.27327
14.465046
-69.27251
-60.941208
34.109493
48.186184
75.862305
-128.27705
-91.13103
35.0562
60.520535
65.38043
-4.9721956
-48.034004
-67.40818
74.11435
18.682829
-70.08504
18.89283
21.11222
-97.36745
3.8955452
21.439322
65.9287
9.358517
-9.800975
0.1833011
47.13687
-15.134129
-4.72029
-99.25197
-12.745544
29.285032
71.79491
-96.275215
20.11413
121.4574
-45.36316
50.502823
-89.215195
97.83991
52.22279
-17.314878
67.63366
2.8278615
-87.202065
33.407158
31.038643
22.339231
-38.259308
78.75873
-9.785015
-63.617058
-34.75843
-37.86376
95.26678
-38.5075
102.04759
82.04611
-34.132515
55.860622
-70.5857
24.92436
-52.531456
74.79472
-76.388756
101.89839
-14.984917
6.380406
-42.406937
-51.758686
51.22048
134.4132
28.294931
-91.19226
-69.62277
-28.462343
66.215576
-25.884848
30.622108
17.476347
-50.252823
61.095947
15.808929
-3.6060622
27.588606
67.70333
-60.89946
8.983751
-0.14246799
21.950033
-40.93615
-63.004627
143.20033
30.085123
53.488186
-2.253212
-148.37744
132.37683
-0.20481136
0.2653906
-6.460071
124.218124
-83.90277
118.78832
-22.746954
23.698769
-103.256386
-38.82858
57.59417
19.380623
-23.19778
-55.52222
48.178623
-9.196647
16.18913
-39.12945
113.04958
-31.797028
-27.645908
-50.148674
-18.513865
1.227572
18.054558
-21.218504
17.287899
34.916004
20.309458
-41.13598
-0.86435413
-8.04601
-4.8014464
-40.6124
9.629641
86.60615
-4.606124
-88.88187
-61.367878
74.17849
35.34987
51.22325
17.974045
-41.530685
4.413092
-12.245281
-10.80023
21.686235
3.1502764
-28.135742
-57.81928
-3.0823781
-117.88238
62.81249
5.790476
-42.551716
66.27334
-28.986792
-45.639244
-62.50758
-80.28698
56.760517
96.57294
-41.094803
-68.523
-1.0763972
-43.36065
-4.2546964
-37.3538
-14.8814745
23.218973
9.160217
-16.389374
24.612284
97.85855
-52.284824
-1.0064859
-4.1898527
30.301071
23.275545
-51.62975
16.687695
86.186
-74.32813
58.21442
-95.439804
36.009624
-47.219563
-10.062795
49.95858
90.85646
-69.99206
20.58421
69.180786
-55.012325
82.88726
5.829485
2.7343674
-46.29932
-53.435673
55.397724
-9.27426
-54.13775
25.931173
-72.71371
0.7059526
-25.974863
24.987991
43.427063
-79.32751
81.385796
-68.50982
81.99371
-94.82795
30.893095
28.086664
16.574783
29.770077
36.821045
-52.319214
-24.120165
77.278534
-55.155544
75.73717
-31.152197
32.992825
-48.973106
-0.92484164
64.66878
41.58787
-36.42411
-62.243877
-12.897732
-20.126633
-22.686974
-50.912033
18.47145
41.184673
-67.50937
-41.737587
32.402573
0.6812924
-46.961174
-54.888577
-58.89765
-35.02092
-98.60031
92.68731
-10.4150505
128.86514
33.114838
79.94569
-49.45985
-88.22389
-83.23373
21.8705
-24.072481
-21.210146
-22.468782
87.51576
-84.21255
-56.221268
154.15543
-43.322315
-52.243332
50.587654
12.507832
49.64166
31.473343
4.5148926
121.32506
-73.297745
5.694521
-53.807934
13.764955
7.3655987
-7.0117855
43.865646
3.3794804
-42.157974
47.369408
17.893108
-57.947594
153.0742
-110.09274
73.83006
-3.0328586
150.8658
-185.61665
9.767595
-124.29778
31.249584
58.303158
0.07446606
18.840572
46.571518
-4.0338807
8.65791
14.773623
-3.8815372
74.69088
-106.027695
70.08143
-49.029274
45.402473
50.31227
-66.52043
74.141335
20.716513
94.43772
-8.527214
-54.280537
-75.71421
-26.199915
-19.094814
-20.779219
52.063477
-51.701706
89.3843
-67.02849
-6.3069825
6.6195364
57.87962
49.945377
-56.006973
71.76261
-125.16328
34.530216
27.192871
-20.963404
2.6942978
-14.4553175
73.996574
-20.918484
-92.718414
102.33402
-54.615086
70.978874
-36.704468
-19.876451
40.361084
0.7377113
-106.14188
23.342974
26.225767
-76.353134
41.067528
-1.9066288
-86.904205
3.9275858
-60.486156
-45.925365
73.892975
141.89671
-9.780123
9.677138
-81.41511
-100.19989
52.54647
52.149094
90.76733
42.058586
-91.24707
27.085339
12.679644
-80.30284
78.34616
10.044665
38.560493
-5.625419
73.663956
-54.3198
-13.808473
-71.20149
35.780033
66.4237
-33.08012
5.17147
-10.313956
-52.262245
43.997
-40.604908
-10.692978
-43.32779
37.755665
-41.56852
-0.78261197
-83.694916
18.811075
-13.849357
34.615097
-36.22367
8.2901535
-105.41718
62.6749
-1.0387559
-51.265553
2.792658
6.044219
-47.450436
-65.70994
54.15155
-146.44997
81.83199
35.726025
-12.409281
8.83375
58.078854
-27.846647
-92.66306
-12.651666
-59.582874
95.36464
106.16681
55.48124
-5.742062
-18.217457
-6.184146
-48.45459
-6.3986163
35.602173
41.606285
4.3052626
-19.905706
-52.044296
-45.36034
65.01407
5.4172516
-44.678265
-17.102127
64.92768
-19.178288
18.489109
-4.3653626
44.303627
11.447047
12.559847
22.643356
-15.714273
-7.215982
108.676956
-74.557175
22.730543
-47.946987
83.025856
-55.055378
35.009895
-25.889761
-136.10483
60.788918
18.027344
-87.74929
82.86801
-79.635414
3.0591981
67.180595
56.959156
-36.98016
54.44192
-38.165382
57.939613
-62.739964
-17.639172
-29.494299
29.079079
-38.58416
17.150513
26.553947
-134.55411
-52.884197
-20.14622
-54.091877
16.16527
-12.747283
215.57372
-58.11184
-60.25089
-64.275696
-33.131622
30.44925
-53.89993
24.661797
63.08395
-34.177956
60.27583
-29.445175
-54.0062
15.007535
-26.850996
-28.090286
18.304445
-5.662493
60.79351
67.31661
-63.446712
-10.053781
-38.10679
-24.240583
-71.04846
-8.360845
-18.286194
74.78169
-25.784716
-108.71232
82.1678
21.84003
9.23994
62.70254
-50.82449
10.353134
69.40973
-57.139526
-15.887088
77.190895
-63.67238
-47.358624
-22.969498
16.186083
-26.051947
1.5051742
43.08207
-7.118955
41.050137
-103.111664
92.107254
-42.78136
19.363285
-25.458336
-30.799202
48.399704
70.156136
-42.0119
21.950373
68.63634
-17.2309
-59.243343
42.010998
-32.63209
-45.307674
-75.70373
29.355204
104.26516
-5.9644446
26.15608
41.78631
-19.053411
56.205585
-49.363216
13.047333
-56.014908
27.080624
27.022451
24.56291
7.1953974
-14.519126
-39.787
-39.05733
-11.32016
-51.67371
28.445496
68.22327
-11.794234
24.895088
-2.0587006
-34.77198
-16.397402
-38.890434
73.959816
-80.53558
75.23455
-21.375666
-10.379791
-14.9709215
110.73055
-12.00793
11.23209
-6.7403893
-99.713684
84.603455
10.898025
-5.7247777
0.9940021
-1.9004753
-63.245922
-6.8162484
-3.1186514
25.283585
-70.251884
46.509464
2.1431918
2.8704438
60.908215
-35.208565
-54.054863
-45.55632
-47.91321
-27.57212
-108.01503
36.01032
-7.8816714
55.13258
22.430983
92.81698
3.622032
-4.9639163
-15.480935
-102.26491
5.3493533
11.765456
-64.1481
-95.4616
46.716335
-11.880411
-14.176555
63.541462
-43.353252
50.101906
54.72649
10.930646
5.7878633
-13.339957
4.374584
1.0707959
-18.511202
-70.46609
34.021393
-27.022911
21.9973
13.866151
-24.923357
-4.5096016
24.53152
-57.9762
55.356632
9.339618
3.9571202
18.592709
-35.90225
14.562109
1.9105049
-7.8362236
56.442005
-55.9591
-41.770298
-48.91508
47.866432
-57.039833
-13.765787
-11.525633
-8.239423
-52.781353
63.36734
-71.93609
16.223728
-56.53064
-19.705086
42.68466
4.3430905
-9.700844
9.925799
-18.380148
76.51288
37.298042
-33.750137
-76.978065
60.73121
-41.874096
102.133354
17.313734
35.839745
-2.9315238
36.557594
41.123672
-30.79141
50.77618
-19.659819
59.15852
-29.471544
28.611574
-54.54109
-24.656206
-24.453686
-53.41173
21.249743
55.317997
-91.151024
45.48565
-2.086782
39.143623
40.93365
37.722046
-118.8721
94.256676
-6.217066
14.202421
-30.343483
-6.6751795
-33.51409
33.38041
-50.285572
34.709953
-72.85572
-42.1095
26.955914
12.080006
-4.517666
33.560158
8.239467
55.819187
24.104837
-60.147896
18.91788
-5.508338
64.1468
16.692627
0.55783343
-51.9075
-28.31581
65.322624
-13.362357
-33.096363
-78.09139
0.7694656
-14.546693
-30.842274
-47.67297
-0.46829116
58.29921
-12.479865
34.38942
-56.34463
-66.71826
-35.24022
-65.99578
-31.623756
-8.772159
13.478484
-43.004227
20.716537
-33.63657
93.23066
-54.011574
60.116222
36.920033
27.145998
38.17592
38.196053
-5.37569
0.59934837
6.550089
28.845049
-104.581505
-10.253528
-8.310504
2.1053603
68.09537
-24.384085
-79.15657
52.18955
16.2965
-1.357863
-32.904057
57.124847
3.083645
28.164722
100.828285
11.041408
-68.495804
52.139156
-52.815357
25.409857
-56.130444
-30.54483
-98.59207
-2.08613
-42.828545
38.389526
-53.400635
71.29145
5.626104
52.80678
44.00306
-38.524063
57.949966
-33.59612
107.13147
-52.7715
54.914814
-0.79357475
10.847176
56.65848
-0.86097646
57.083786
35.884895
43.589684
99.03016
-57.317345
-4.768227
-47.61523
60.165546
-99.20633
68.6378
5.081399
-43.26822
-51.26111
-3.946793
-26.52714
32.016533
15.630662
-85.544685
8.412243
-16.97976
89.08575
-101.52689
130.0875
100.06014
9.284726
-59.262325
8.779187
53.549812
53.73478
-21.370617
-2.1965542
-1.5877066
13.083863
59.952194
-91.278366
26.513073
16.935455
23.196499
-14.679899
7.081302
59.995224
-47.47764
48.24002
-16.635939
57.303844
36.790565
-1.1698016
101.84845
-34.47532
-7.0550756
-6.337878
-94.28081
11.532071
-109.72252
-11.868988
-73.089424
-12.955265
9.206785
-81.04649
-6.608372
61.340508
-66.48264
2.6414425
-22.689285
-32.787373
-132.57841
48.25793
-106.51128
-18.620335
6.833057
59.534763
-5.069925
-22.072918
-29.923212
115.35622
-61.884342
4.0804048
26.772741
-22.68941
-74.4212
-68.93181
101.346176
-37.012127
38.39546
-51.629944
6.8783107
-5.7274876
24.795282
-23.509645
23.810612
36.466778
-88.569496
-76.27823
-32.443478
-60.528496
17.465324
-10.605393
-71.408485
16.964241
-47.54487
-53.293312
49.43057
-14.975385
-1.9376911
-59.646034
50.27439
-4.5186834
21.36731
-65.91815
-18.891277
-0.93924606
-71.6762
54.519352
-13.333555
-61.040386
-11.294229
32.066837
109.2702
50.015656
-9.927706
-45.100044
17.725687
27.722794
50.026737
92.29331
5.4663477
28.203012
8.394259
7.926863
20.678747
50.59112
41.0736
55.95759
77.862236
1.1757792
-33.293674
41.254158
-23.398325
4.4228764
40.14773
-54.569004
-51.09578
-35.3731
106.47808
68.8077
-0.9237516
-14.7221775
-76.57037
9.888471
29.262238
-113.255394
-0.6063442
79.85191
-8.576358
-34.95418
29.956566
71.40634
31.777126
6.8919234
-3.1431901
18.91656
4.3778963
53.72695
57.037823
11.383315
35.993587
33.632206
-34.955505
36.6331
-86.51581
-1.413254
-14.950031
1.0309064
31.629938
54.94215
-1.7288336
-25.1449
32.427086
-7.6000166
142.0803
24.607155
26.739199
-19.484549
9.477516
38.979767
-39.55341
24.907164
-135.85446
23.649782
-22.08637
15.522398
-4.373253
36.12798
65.573326
-81.27844
-20.064034
-64.586205
-77.072655
-13.611126
4.9106584
13.124217
-44.367065
-19.970945
-28.40463
53.76487
111.1004
-15.099868
-80.80996
-28.785467
40.275894
-53.07667
53.425007
-0.7359902
-76.633
41.622566
-26.860851
3.1917362
19.992916
-2.6099548
-44.004185
38.567947
36.42363
51.68884
-26.626057
-36.456375
-11.974931
-26.831865
-52.372307
43.743458
27.607735
10.751244
3.5786743
47.10768
37.568172
67.59261
-26.795841
-1.3610922
-17.693176
-91.30294
94.23493
74.74846
18.569426
19.366047
-52.202198
-42.2268
-79.17744
41.125286
60.21065
8.6083975
-27.111717
39.52865
68.49195
-3.9722905
19.980762
-19.977211
17.300375
-110.374725
-19.388563
149.22905
-62.228092
64.90221
50.494015
-56.194122
60.183548
31.039116
-22.094727
46.937996
-12.659121
25.840483
5.5010695
29.220318
74.36391
-88.146126
45.286232
-13.817055
-68.68861
35.972412
7.275731
67.69358
-21.455162
-21.186092
20.328053
18.677576
-50.31846
-33.84966
-61.85426
12.491272
-4.840161
36.71218
29.852318
32.639164
-21.078447
-26.980648
31.49166
19.962723
47.59092
-78.689316
-24.776272
27.92788
42.00744
-19.346249
14.478084
15.591954
29.770355
-138.46268
-52.341267
66.457
-34.001972
55.637905
-13.688521
-25.235884
-3.6052825
-32.46326
49.870842
-77.96574
-39.488518
-0.12639336
-7.533889
5.1567445
52.66352
24.75469
59.429874
-72.31721
17.629723
33.294815
78.31783
-18.800268
-44.651333
-39.744946
-20.771059
-16.16814
95.779915
20.817139
-10.832814
-6.7144957
-3.816381
-21.948822
-48.151855
-17.456099
-84.619194
53.92428
-9.236057
28.766615
21.663536
3.7537975
1.101269
5.1128693
65.46794
9.799961
-6.181177
33.22467
-3.3994348
1.7140514
60.848827
77.08328
-52.106693
17.82552
15.683945
31.382326
-63.1675
9.170967
86.93156
24.006664
-48.86148
-42.246758
38.98903
-10.30217
32.563137
3.802309
27.714981
-90.876686
-45.65132
1.1626115
65.23668
27.060738
-16.948153
3.474823
134.04532
-21.896833
72.86553
-34.082836
28.210842
6.356235
-91.1678
104.47085
-115.34324
46.097656
90.0271
-25.970654
-79.39991
13.699528
41.086414
0.2557209
82.73405
-13.015507
-36.906464
-15.376751
3.9152458
-14.597168
8.788232
-23.434124
22.584028
76.33446
22.231922
-17.272106
-51.760284
-8.0020685
-98.63038
-64.61736
30.405561
-84.66034
-36.01206
-47.90281
47.71124
-50.38094
23.160116
-115.99552
-51.72523
-58.241444
67.56693
46.086746
-71.09151
54.8789
69.87039
-83.023964
-20.95828
-64.64049
-3.5486388
-18.197395
26.36023
29.547695
10.616191
-77.09109
30.22958
-11.093054
-26.637884
-14.193212
-62.627922
-65.816
86.62127
-137.54333
-70.21305
27.65916
-29.461517
60.40796
-5.9883885
52.718357
-101.11305
31.975197
17.202183
-60.200993
-5.313804
42.7483
-13.338028
10.964044
-27.696144
46.669125
-19.336788
-22.353472
42.957813
-33.102356
2.715227
-77.877426
40.575096
-65.968185
38.119686
-12.840204
98.571266
8.348735
99.48374
108.30994
10.277768
37.317165
-5.012223
41.547215
-20.162933
51.77502
84.30538
-76.947586
104.06471
31.216892
-5.282719
31.47882
-3.6303153
-69.49754
-44.691822
-62.742855
-1.6496483
36.457226
8.71511
-40.462456
45.73762
-24.464981
19.327822
11.414135
3.5945106
39.356133
-3.9794278
15.52971
135.8624
-68.33231
86.81015
2.9536867
17.729322
33.45227
-16.998075
-6.7853436
-17.540236
-72.146774
63.269234
-13.680669
62.734684
45.064976
6.6601315
59.233112
-74.38947
-50.03844
-2.7978299
91.36093
-29.233297
20.883518
-40.3038
72.128235
-44.964767
-37.16093
32.840736
48.256916
42.812023
-12.843563
4.9158998
-30.211756
-69.68979
5.6907177
90.202286
-96.8653
26.86804
-8.14369
-38.574543
41.27994
115.40527
-73.71244
58.063164
-10.992276
-109.78325
26.531147
-47.425137
52.167316
21.970049
-17.681389
6.9738345
-8.510551
36.337208
-47.438942
47.273914
-44.298626
73.41003
-25.573465
-27.377146
5.604345
107.041534
26.995848
22.158648
-69.896065
-71.48948
-3.3873034
20.62855
50.29672
-9.234103
-1.5211238
56.235416
-12.83174
-25.1881
-15.053099
-15.1335335
25.076004
-69.25674
-25.89093
-8.753182
-16.38105
91.96997
-12.25968
-56.719757
-65.26971
0.21491015
27.549673
-45.691055
-77.84855
114.21171
-2.3252175
-62.481747
-32.423847
-0.93561095
34.761703
62.47981
-31.117117
2.6535532
-98.13566
53.02345
9.588738
-63.70782
45.71136
-2.8811336
5.9135933
-5.621637
-56.147
116.460266
-10.498472
32.13032
33.44921
-36.167175
22.248034
-66.79412
35.580017
18.518442
22.85537
-63.354755
91.98194
-29.383673
76.74824
-11.104988
-57.503223
23.27388
-21.67757
-60.683113
-29.850683
-43.082695
74.22209
-77.01314
-26.185175
35.007668
-37.12593
35.94801
-43.519398
-25.009382
-19.802338
45.645504
52.251606
-6.278229
-50.033356
47.87718
-13.25377
24.6406
-28.336876
-70.777954
56.864754
56.41156
2.3538852
76.91786
-53.70078
76.778206
68.66743
-44.086506
3.4833646
55.6986
34.112534
-14.08231
-35.269608
0.0043186815
-42.741104
21.13026
12.51785
-84.18196
92.95227
-16.032986
71.2643
30.212389
-73.30126
28.626013
-36.623306
-34.03143
-78.55302
42.456493
-38.11047
88.497696
-0.64159656
8.194563
4.5033135
7.246071
-23.939213
-19.50503
-6.7050786
-33.092857
-25.355074
26.037424
-68.55069
-15.758779
65.046684
32.438477
2.015924
21.441988
52.310165
79.059074
34.103176
17.185871
-64.13411
46.358864
-76.21985
30.545033
-14.738396
48.161705
-49.076214
48.296898
-15.189302
43.15126
-53.69064
42.254322
70.27228
58.153656
35.983368
-52.52589
8.502501
42.97197
-150.23375
45.54819
-14.475629
-57.342525
23.976864
-18.330503
-2.9598775
15.314546
24.81338
-27.97478
-22.97868
-6.1954103
9.381732
-124.77337
7.4056106
-36.321205
-78.103745
72.96364
-29.421707
-48.109703
32.215374
-39.176968
-1.3085455
24.007988
-97.679375
48.843704
2.5758433
-0.22809316
36.027508
-13.599285
-34.817318
-10.623078
29.42548
48.27938
3.2025201
41.76946
-19.85454
-55.009815
-88.21792
36.93062
-54.36466
24.205143
-65.06576
-47.10738
26.093449
-73.62049
16.445107
5.4377646
-29.97118
-6.955715
-74.25088
37.867344
36.292175
3.1647992
-1.4931822
-27.44815
11.569315
-43.72759
42.261314
-102.24998
-78.53174
8.406044
30.227558
-44.109962
-3.1416678
28.133926
-4.722437
-21.01653
28.635954
-59.95786
24.467352
-39.63904
44.92545
-7.104003
115.54251
-41.09215
63.758373
-17.24908
72.84993
40.325317
-65.170135
39.5173
-25.066477
-7.3308406
56.861042
-34.68902
21.33385
66.765114
-25.097616
-25.229956
-73.77658
5.540393
24.02736
-71.23732
64.32252
17.325993
-60.272877
74.747314
-64.591194
8.155621
-67.63369
36.9716
34.95524
46.615135
21.629011
27.28037
25.47264
16.970833
42.317287
35.996834
77.802605
-37.315186
-14.610208
-7.341502
30.602728
4.3918853
-45.629963
15.750579
42.606865
-54.173363
-20.22094
25.544924
67.68679
-16.348452
60.691364
25.551453
-31.95156
-49.975792
107.18244
8.574975
-47.253296
-80.00764
14.753045
62.714794
-11.237838
-49.005974
-63.314323
-43.697124
-24.201794
-68.49464
-0.3358679
-17.143845
33.696095
-30.478645
32.914906
-1.0070174
-0.70962036
-49.998825
-99.06177
9.919914
-3.1955335
-7.4090214
29.228287
28.550146
22.698095
15.914585
-42.044365
43.39231
-28.126059
13.719074
36.76132
-35.143986
136.60098
-49.756878
30.9601
-91.24276
-26.26839
-80.31255
-39.11206
40.089718
-47.037113
-60.23594
-11.052087
-122.43608
-48.27488
-6.308827
58.22054
3.9932687
-80.70944
18.515053
32.05421
-13.820362
23.123129
10.1389475
-95.094765
-57.959286
-31.747532
23.545597
-50.847748
15.209739
-13.6893425
69.9297
-53.645832
-18.712294
49.083183
10.651075
-52.43287
43.329082
-92.42272
47.31245
69.325096
5.093729
-20.491917
8.270319
63.307175
-7.4628205
-81.57662
-2.6544037
49.544163
-44.77162
-22.913237
66.45925
4.3349104
30.092152
18.510426
-17.281347
-108.81781
-11.30665
16.786764
92.60068
-16.4532
14.709141
-15.823712
-70.47497
6.984146
-62.6639
6.8234406
-21.122711
47.000744
-41.694214
41.48979
50.450787
21.1226
1.4610339
104.50016
-17.178164
27.359207
62.872833
34.535366
-9.9447565
-51.46803
-57.35558
29.3553
-13.2938175
-6.8065343
4.2632833
32.908787
3.1086025
133.83356
-35.678967
1.7307634
14.441999
-27.191086
61.35413
-53.51249
-13.309599
-38.982834
-28.497438
1.6699462
81.450836
-54.093605
43.289856
31.90727
-46.99096
-19.387144
59.33496
77.945564
13.006491
-28.537464
96.52798
-30.443422
55.743107
44.17974
-60.281628
116.182274
41.223804
-18.454847
-62.61748
-1.3855066
86.766304
-18.438673
101.46303
-65.060524
-145.62067
-53.393208
21.851183
65.96845
-47.246548
25.589603
29.554392
60.546223
39.918377
-13.973587
35.75416
-43.715782
-61.173306
28.049982
-52.009716
-18.873802
-4.4838414
-36.879055
58.152782
-71.89519
66.103
-38.7851
70.24485
12.843774
11.235585
-55.572308
-54.272797
76.084656
-12.390492
-6.4499264
-61.132248
20.480345
-0.8578692
45.070072
-55.121494
-26.129974
-4.964483
17.7579
-7.8750854
26.02882
-41.074352
37.51149
-32.848564
30.210575
-25.352648
-19.249681
-71.89983
66.597824
5.590948
-109.488846
1.6392456
42.4415
15.306794
-28.106998
-30.448584
-52.417057
6.194012
92.78625
21.430513
-46.85881
-128.7667
-16.25019
-16.749659
-44.64266
108.488716
31.04827
-62.313663
67.71237
20.276686
-106.63757
13.478436
1.8510368
-12.865284
-49.965828
26.970442
-40.501118
-14.016264
-20.37595
72.34512
22.658905
24.040768
53.780727
-37.332882
49.838493
-77.89689
30.166584
-83.955154
50.0925
5.1975102
26.308563
82.42064
-44.314484
-55.28031
1.7244864
74.29119
-15.325565
14.551155
-65.33931
-32.032295
84.58229
56.907112
-39.77085
85.52251
-37.981865
47.033558
-36.707268
-41.94288
88.867455
-79.24976
96.494064
-37.657524
-70.26023
69.65389
33.901157
58.357372
-66.51637
-74.45104
-10.304708
55.823826
4.3234024
-74.1397
41.93658
-11.937067
53.01143
19.33979
41.19076
67.40365
-111.59874
26.563265
89.69992
-58.46325
-6.4974256
-30.696543
39.805916
-18.321598
-15.400108
22.849848
-11.297327
-6.140249
22.792055
58.18497
16.594242
-75.18793
68.02293
-46.163944
-14.562144
-44.237965
70.6626
-34.47228
60.533573
-72.88044
35.59771
38.824688
-26.11432
-83.65018
-43.55057
66.22361
-116.630035
-24.622213
-31.413818
35.644123
-49.06353
41.63501
-65.635635
-45.571262
20.335249
14.022365
-65.82198
-29.926462
-75.72058
-24.337065
147.69237
-12.301812
0.30590716
30.065678
-19.226646
-54.22557
-4.7807045
-41.71248
-20.481945
14.849042
58.8443
-72.2294
-16.140068
5.1250143
-77.98037
-76.480286
31.942944
7.111809
-52.06552
-1.90318
18.308174
22.616991
-34.447563
-119.242676
23.60342
-13.061588
-23.556051
62.606625
22.211716
-15.237239
-7.98867
35.04525
-4.4579024
-62.95767
-12.532201
61.427364
-16.804243
-40.885273
81.95989
1.4917036
-34.070213
-44.70347
53.887203
31.965942
-68.28951
30.337553
23.241673
76.25902
-53.25661
-1.8791119
68.23544
-32.410465
-8.269452
51.67566
-10.842513
42.719536
-43.347202
73.14763
-20.164265
-100.11629
31.253727
59.27604
181.39726
-117.82979
12.958589
-94.62478
-7.3006263
-15.957437
-107.62838
34.00052
40.815796
-46.05013
108.87996
-85.72847
32.967205
-27.09088
64.76628
51.475235
8.916414
20.743238
-50.425148
14.09855
56.683945
-30.869888
-50.776707
-18.90497
48.636738
-10.912852
51.9583
52.46712
-48.457073
0.25949126
-0.31130835
-24.82258
-55.098984
-2.2116313
4.7929726
48.271122
-23.743797
13.25282
38.512928
-87.34409
-7.5847483
38.882336
-22.268353
58.151863
-29.876118
-35.148365
-28.67481
51.905834
-25.712162
14.009684
-14.055971
33.763714
-40.118958
70.32968
-88.29391
17.512302
-14.465331
5.8251224
-21.0421
-4.731141
-14.62359
-0.29906374
35.88224
-23.072124
92.69908
-48.106754
30.678465
76.50964
3.710024
71.57036
33.049866
-50.024544
22.41998
-71.8838
88.893135
-19.113136
15.694257
-30.669365
49.607346
-153.35301
-0.27969298
100.865585
-48.02658
68.85605
-6.103764
-27.352026
90.78196
-37.921947
-53.160454
-10.466888
39.6271
-67.817635
28.393309
-52.559734
-32.35796
3.3890464
48.839817
34.382393
-41.409847
38.208466
0.8558843
-37.172432
50.808525
3.9688547
-53.749355
35.64209
-42.804317
29.752087
71.0299
-2.7948909
-42.844345
29.43978
-44.53745
60.4341
-50.195663
89.67608
-38.518322
-0.44869307
-18.533745
11.882394
17.43162
32.5145
15.967634
-23.30406
25.667791
45.948956
-48.752644
45.848576
24.849586
-117.43953
28.159853
-13.868646
-91.61021
45.475895
-51.68192
11.148519
93.97107
-17.708258
47.24838
40.789726
-14.857498
-7.0362124
-4.25607
59.15078
54.006992
-76.97717
-18.401266
-29.341185
29.59074
-76.70062
-78.06167
5.4769173
101.19837
-77.698845
9.203921
26.744623
29.443836
-48.755203
38.47632
-20.376087
22.638283
-40.821766
-49.6075
-17.234035
22.999905
-22.157911
9.306597
-57.046432
3.2933624
55.422348
-32.086796
-13.830748
-45.263737
50.401165
-11.853323
29.445913
-38.912334
41.40974
28.188816
-85.139885
36.419327
112.12413
-100.33736
29.472168
-36.673447
-64.63829
11.869546
17.069397
-3.9338675
5.8687525
-0.81867325
-59.158405
-99.212875
7.2215133
100.56015
16.978975
-19.953838
7.6404586
30.787558
-95.35914
69.87886
-13.464147
-98.34795
18.83348
-18.522074
108.267586
-74.9847
11.998002
-13.686664
-38.78995
117.40969
-70.400345
-22.784481
-4.453308
141.16634
-26.340698
98.54198
3.3185751
-31.931917
-41.769295
18.63803
-0.83378303
98.820274
-46.81564
14.324462
-38.269833
28.287586
20.285599
-19.18253
58.23152
-10.967035
-11.37893
70.1085
-69.58956
46.8761
28.878687
-107.39222
122.89999
-43.06613
7.128467
82.156975
-104.74573
10.188083
5.5758185
-19.695024
-9.585764
7.2355843
8.608434
-3.5346422
53.090622
23.978527
18.10407
-34.636543
-99.62132
9.452209
50.30575
35.75874
-2.556134
9.657603
-4.609058
-7.5006437
-15.6753645
33.08148
71.06787
-91.740105
2.1778755
-5.4986725
61.22196
-140.2304
10.779099
-1.1612498
10.624666
-6.0381355
8.8018265
1.5540076
-33.473793
35.3054
24.055462
-55.018894
-14.578501
-58.47818
4.477256
132.35068
-32.76921
-7.6200294
-29.206444
7.148316
4.4436665
9.218368
-7.692217
37.247967
29.052574
-28.204601
-59.440205
-27.747156
69.4528
-131.30533
141.14389
-45.44232
6.614263
46.70181
-64.884186
-85.63099
63.351032
-61.287838
74.1014
40.322075
7.0284495
33.14735
53.564953
-52.998272
27.315378
7.307012
42.8489
-71.383354
-9.130589
46.90404
126.67846
-21.747194
14.971083
-142.21262
-51.189198
-82.563416
11.726922
72.57005
43.24902
-8.882699
-85.136925
76.338646
85.25146
-16.842857
51.652462
70.57046
-59.95554
66.92774
-58.794273
44.672672
-0.7611812
-5.0893893
70.044624
65.81594
4.9021797
49.370205
-35.395657
80.8588
-78.78198
-7.4583497
-76.30246
26.90443
71.50549
-64.140564
84.0384
2.769403
35.69699
-32.8619
-9.057621
12.5753145
78.36569
-53.572674
12.412911
-28.165638
71.00709
-102.157196
48.537
-63.945183
43.92565
50.355328
7.8430185
-45.68902
89.33226
11.705198
-22.2929
-12.258252
-22.930214
33.893444
12.272092
-10.341702
-14.047568
69.13256
18.916351
-23.132725
-78.18613
77.43809
-50.650803
76.69546
47.484905
-72.237114
28.275421
-57.34681
-30.291414
-69.78487
-77.38815
-17.943575
104.08921
-52.529972
-64.86794
-52.929287
-95.32192
96.64568
-0.586398
-2.0526345
-18.461636
7.619898
-75.81041
-140.02853
-82.60645
27.571068
-42.68317
7.6496477
29.535156
17.540455
31.32093
48.300846
-4.761578
51.56351
-52.28523
-16.927168
14.1559515
-58.909958
-19.292343
26.992916
-21.122591
-7.728828
34.009445
-15.6196785
50.229553
9.565704
42.51506
23.900133
-86.263855
-72.43087
58.688305
-78.56345
25.92954
-65.84366
26.354095
-56.502827
-28.196999
45.665077
-1.6622975
-57.561424
-69.14151
69.44975
-53.74037
57.104115
23.692654
66.626045
39.57185
14.893947
68.50754
-7.2111464
3.0165114
-15.855483
54.214653
13.518072
132.60533
-42.9587
-8.733144
3.4927075
72.05206
27.416565
4.411211
-4.3524914
-11.506793
15.198667
46.293266
-95.18773
82.21551
60.864086
31.156578
1.7041913
8.6584
-11.043315
-62.211056
-31.460932
18.740522
-39.623516
1.5167512
-74.10685
-7.509791
-38.136013
26.13928
12.050148
11.562463
5.1158786
-13.90383
15.274194
17.60126
-3.631443
-34.510796
-5.819469
-80.134155
117.222496
13.9673815
45.79666
65.022865
-25.80597
18.041979
-17.23531
145.85811
-43.548565
-33.518887
54.195824
-69.07788
30.786516
-35.81463
37.004887
27.979311
-86.1787
-25.315943
13.3256445
-34.055256
-42.069244
10.897917
-15.757304
13.976499
-11.38082
-78.1843
96.70111
-83.57809
72.19861
-131.75305
46.37203
-3.1185625
-1.913717
100.70421
30.00568
-79.4351
13.912692
-38.673466
66.22708
63.495625
-97.72425
-19.079805
88.65924
-73.99505
-2.6687152
50.343037
15.96347
-34.009514
-17.22693
85.16363
19.563225
30.918049
101.1353
58.085186
3.748267
27.13986
-20.85985
40.770557
36.031322
-78.54149
64.31077
61.708633
25.331608
-12.5240555
18.546844
-62.07938
-44.040604
-39.437798
-51.93021
32.779644
-4.2304654
-55.403336
21.949291
-9.672799
-44.854473
4.065284
51.006756
-35.812706
-62.849903
4.667842
-30.477776
-40.530483
31.665636
-4.427188
-1.7462323
48.18329
-19.901642
-51.51707
-25.82237
-54.08987
20.429209
30.479544
40.53255
-23.718533
6.059531
-11.136227
56.200893
-49.92726
-49.684803
-0.8084926
10.455077
50.845055
-106.563515
17.541256
34.913483
50.63191
-32.78424
39.354836
52.777348
-30.501404
1.9776905
49.56673
30.83551
-77.18104
-3.1839867
-15.399803
-1.7894877
-77.14817
-48.9234
68.17725
-38.103176
-20.41361
13.270679
-17.759342
17.347143
-3.677306
-50.3978
-22.912596
-80.870384
43.32198
43.520203
10.024343
16.67614
77.65644
-60.5226
80.38054
-43.376175
9.156375
-5.0246277
-12.990031
73.69837
38.206093
27.293406
69.31196
-7.3168387
40.4598
58.8343
-103.46223
-28.685232
37.255
15.21137
37.81676
36.250538
74.12422
52.652374
-18.65879
-61.66815
-22.13535
-53.86837
4.013918
-37.705593
27.891855
21.377523
-33.34872
68.49835
-11.086904
-45.64497
-12.828301
48.80282
-115.39594
-80.64566
22.285465
-20.349895
8.780595
-21.250484
-47.072643
68.34829
22.828524
-29.83128
36.895958
-10.15687
35.299885
-43.364666
-17.860033
46.72652
5.2776027
82.462524
-19.757303
-0.43594602
-36.08174
-22.956999
96.20448
-9.28266
6.485489
-12.748332
8.243105
-50.61021
-5.7959075
20.85473
-28.65173
69.691124
4.992773
-28.82512
-11.4944935
-82.263885
-13.998945
-39.046528
29.244318
5.3052363
-53.50385
76.3909
-29.856724
-17.142393
-48.28938
26.7409
-43.24035
10.104635
-48.197613
-78.16694
-34.081047
116.09736
46.324646
-50.482952
-23.080318
33.513367
55.50531
-85.99056
20.579138
-18.28128
-18.802816
46.486515
8.133532
-29.401327
104.811714
27.25716
-6.9814615
34.707718
-13.994633
80.36755
-105.832634
-7.480155
1.2140676
47.693645
-10.560304
-77.36266
-54.079388
-16.006176
-18.861385
38.971333
-75.95676
-30.65966
5.060587
45.65529
19.022596
-25.691198
38.96256
0.69117695
7.6278987
32.766254
-24.9295
18.186378
-68.13852
-22.209557
-21.243025
-19.188038
99.63944
28.444483
-1.4160646
25.424414
63.30861
-75.312805
-44.434677
-25.962145
-61.16217
51.22282
-42.375694
69.77027
11.250238
64.890785
-19.82244
17.385519
0.1782822
71.620316
-26.273518
-19.81951
7.5473657
5.637703
1.5998383
37.334194
6.2794805
71.0337
14.105775
-47.17129
43.980194
0.49815416
89.089424
-2.7815523
38.793518
-47.464436
16.30289
28.930103
-0.7248869
29.259886
-31.311384
128.81161
-65.85787
-23.505653
21.715412
94.07394
70.966774
3.677808
27.121393
-46.753807
-14.925124
35.800594
-14.854264
100.53895
-11.764678
-74.76268
21.190786
0.030541502
-139.87662
90.03526
-38.216137
73.66897
57.867413
-1.3325857
-94.50879
-25.061934
-28.885773
75.94112
67.951904
9.171403
-89.63689
82.50921
14.7916355
40.958218
42.960114
-53.52363
-23.307383
124.82366
-90.637924
62.245224
-47.185116
-40.25467
67.661125
-83.01959
-14.181993
-57.14683
-52.26424
18.565088
-11.198245
42.82899
-68.59931
-83.82514
38.614216
37.0731
-58.87697
-71.856384
-52.982723
-43.124626
61.400997
17.29004
26.494898
-8.531875
-72.466675
45.870094
-48.53631
36.71187
-39.244785
56.483654
-66.177086
-4.4320707
-132.49669
-75.9476
82.64187
-54.15569
25.533344
-36.306843
11.087796
30.54502
-45.460537
-58.38165
36.734615
89.886185
-66.65857
25.896343
48.897743
-23.321413
-2.2367852
4.1781616
33.246086
-43.598286
-1.801197
-8.781577
-43.914055
-63.655018
48.511387
53.82098
-9.986789
-19.733536
34.52467
-8.46045
37.095016
-25.282873
9.297853
-25.433016
-6.1856775
16.582813
29.423737
-16.515316
63.19521
-35.977818
55.045837
39.351215
-55.42998
-11.618032
53.45147
52.040817
-16.72442
48.705143
0.97856975
55.15394
7.658153
-78.94326
31.844069
-5.02355
46.72728
45.72473
-11.16243
-37.23286
-84.978935
61.51227
-30.212568
-12.365995
-37.82057
18.494986
101.79835
25.266798
12.264899
-49.69955
35.203568
15.29575
28.619425
-72.35496
-21.931015
113.32436
-45.69815
-48.29992
24.081009
-29.184683
-44.060257
-71.776764
0.619458
39.91891
13.10604
14.261969
91.65225
1.473141
-32.494545
-70.652115
43.511932
-143.42401
2.717105
-9.476151
19.647778
7.6703496
-86.02077
-31.93188
-53.80543
34.96912
56.890415
-62.02619
-106.7495
75.345665
-32.58032
61.21943
-35.36394
-7.7803597
-50.651947
-9.743898
-11.909795
-57.891632
-17.46924
-30.446274
21.131832
28.854448
14.369165
49.94172
-18.316914
-102.420364
-0.21469328
-51.95988
-43.82319
106.55077
27.095936
-31.132084
37.060204
39.409645
1.7014863
56.368843
-67.082214
-24.705664
-13.221601
28.789478
-55.515697
63.028984
44.372673
44.195408
-60.551987
-33.132275
-17.51773
55.101967
60.803852
-87.72654
111.31671
1.088759
-49.47411
21.140493
-39.176823
-85.05203
-32.276466
-38.72047
124.59019
-13.129274
24.306694
79.433334
105.373405
-30.304533
-54.35253
41.359154
55.634106
43.537937
15.489436
-66.590385
109.30335
20.111082
-6.4587817
105.97653
55.04378
-28.872377
-43.181644
76.789116
-8.488112
42.06493
-15.527686
84.632645
17.88056
-41.80479
4.758424
5.188268
22.68093
45.399105
-44.856358
-44.11111
-0.7175064
-16.988964
31.948639
-32.88017
62.620377
-32.201347
-22.975477
59.066715
-58.889244
-20.378899
-20.029116
-18.812048
-13.427295
47.625805
-68.46971
55.15495
-52.84789
103.4267
-21.90093
-30.137932
35.564888
44.86034
-30.002693
55.657852
34.575478
-111.17823
-17.502455
-3.0366237
23.955236
-3.0605986
106.24423
-113.0165
-60.062447
5.516439
-0.3999581
-61.99114
44.804695
-15.290449
0.48867038
-87.961365
-38.51537
47.612885
43.044155
-59.971813
-55.307816
14.164759
-12.960886
-92.05335
32.951775
-67.96985
19.30297
-47.91156
-5.1313167
79.11946
-69.57249
107.477455
-50.618393
12.390943
63.690376
-56.554565
18.415447
-37.31867
-3.8037698
62.169144
-27.993187
-46.084003
26.0309
-46.103344
9.757085
13.319376
26.087402
30.090437
22.129524
31.440996
-101.80243
57.468033
33.412914
-17.522661
23.158472
-39.67643
32.240078
22.424982
-22.546465
58.44534
-93.2674
-9.382294
-86.999985
13.716017
32.878635
23.61127
66.074295
-34.25
61.97526
67.024055
-28.263643
22.567043
94.87486
-46.56129
76.68058
-86.23366
-29.806026
-34.721874
41.260044
72.27801
21.00365
-36.666767
-45.501884
75.80079
-3.2821288
5.352144
26.132406
4.1469665
6.9649224
33.822662
26.298328
-5.6855845
-14.457047
76.73725
9.994898
-99.705605
-36.69912
-15.3534975
53.2536
-58.257214
59.72287
10.130662
-13.931249
-18.86345
51.865498
-33.41483
-14.9225445
48.489132
6.9620423
-8.3632765
-94.02535
-8.766249
-131.86488
-13.470717
-73.68741
73.028725
73.81257
-34.457504
46.695225
-3.1292942
-1.6880016
-74.8254
-32.97877
15.360474
-2.6653507
65.44856
-9.328298
-44.23498
64.952614
3.7692454
46.106724
1.1805965
-63.81527
-89.1896
-9.585451
-17.025799
0.04518194
-36.149708
13.884416
17.587353
27.420221
-29.400223
-32.213196
25.945004
-57.131718
18.347935
-6.847351
-6.130004
-13.303007
-61.242924
-28.783678
7.1565657
53.45794
-59.228592
-39.84811
-59.863964
-16.895771
-4.9754205
-25.892433
35.151936
28.354904
35.998417
-35.59387
-1.3727365
-0.18291804
-82.28581
-7.2110143
37.574833
0.26194525
21.122196
-31.632973
22.439587
1.8943324
68.58438
9.622974
2.4379709
66.29597
84.72255
12.704478
18.388268
-65.45105
-4.173635
-94.32914
-80.6093
57.704704
53.401913
12.644472
-9.532666
27.468195
-21.64002
14.142641
-15.600027
-29.133764
-86.97349
-51.51162
25.056631
12.532151
-9.254572
69.42719
-27.014202
123.78433
-28.742178
-0.58922565
-66.18259
-93.27685
98.24812
-34.01895
47.490406
-36.91897
27.355595
39.19092
0.97145945
-2.9792042
9.344305
-13.771886
-9.246534
-93.05865
50.043533
72.35943
12.942451
-45.20006
-28.326231
-29.330914
-71.481674
107.18349
-28.870615
18.419195
37.746017
-6.9760895
-3.8751092
30.794756
-32.169544
-33.313995
-32.13784
88.55612
-15.294986
7.9656186
-14.6689005
-25.239958
28.42629
-41.672783
37.86764
-49.341568
-2.0909674
19.978596
20.351683
51.038357
-1.1614583
-13.8197365
-1.605701
-24.321045
48.34831
16.979378
-42.374847
-56.146538
84.76512
-70.533775
67.916336
41.74517
-31.855288
38.91807
36.279995
-35.933887
-58.948494
63.726753
-87.52265
45.04028
90.45752
-32.693394
56.118454
-20.675064
-65.53205
23.247822
-53.85993
49.70166
-14.06369
13.403311
22.185656
-55.59958
30.666826
-74.963005
