-27.567749
24.065083
-37.276417
8.962985
-22.522694
1.2378155
41.17961
-60.46203
103.79882
-84.67687
56.48637
-113.29422
-3.2687824
-106.20442
50.544743
95.92883
-25.849138
51.29326
-70.87491
51.751255
9.008511
-18.601385
-29.073452
-0.25051448
43.503426
-17.055296
49.14
-40.237125
-0.8699497
-27.416557
-44.412956
82.04444
-4.390385
-16.737562
3.8987486
9.533954
-65.51837
-4.528175
99.410515
-84.932335
-16.906366
-42.551704
-2.7169175
-37.09843
44.79854
-2.9443626
55.312153
-21.501883
14.600287
39.571903
2.8341563
-13.332357
7.0948377
61.38608
-131.34425
115.313576
-26.30817
50.890877
108.29902
-25.427324
4.9745045
-22.702017
14.905907
54.774296
55.580856
64.89475
-31.416197
-30.92415
-16.49307
19.39748
68.126465
-35.711742
29.918625
-102.19169
7.1017103
31.282087
120.21329
44.008526
-2.207045
-46.321957
-103.58851
-13.048754
-10.282069
19.339632
5.0066333
-18.818647
-22.008274
39.96139
-10.621058
-82.45801
31.995676
42.77576
-18.68974
-106.28451
4.557981
-32.521755
26.527935
37.007614
39.773098
-24.009432
-40.896225
-66.40196
95.91285
-13.11312
22.910202
-8.993187
101.88589
-80.97132
36.33953
-47.801247
-84.55321
11.561241
54.51841
-90.35016
-84.663826
12.743526
-85.35187
42.842594
42.171425
-63.05806
-28.586212
-52.596252
-85.73231
-102.07962
-11.753591
19.593523
2.2469144
-0.8119089
-57.36241
-24.050089
43.67653
25.699066
-60.830772
-1.7444767
27.739876
-52.65422
22.50261
18.33746
22.643353
16.018
-21.16455
-63.540314
41.79352
-18.188745
69.03755
53.374928
80.183495
-26.247225
37.628643
54.890873
-21.905027
36.74605
-26.732288
25.833033
46.004826
-9.517579
50.871098
88.51587
33.04792
3.5700917
-7.527284
-50.14227
-51.92952
6.6505423
87.69084
-28.94496
-11.062061
70.30614
29.484198
-55.743507
-34.318626
-5.495358
25.526329
-24.165253
61.237984
-34.502934
17.377312
107.57068
94.10916
17.251068
-85.37582
-5.1499634
28.826738
-8.116476
21.923338
121.22376
-35.167473
112.288376
11.155355
-52.081226
19.203787
-33.938923
-30.24672
-87.05091
24.272043
29.093567
46.507763
11.751447
-30.37554
56.311527
-12.467534
-74.26994
-18.921698
57.503845
18.24538
-53.09976
42.550312
-36.12821
19.295097
-21.396332
-107.96204
2.8953311
-3.0253115
-79.360695
-7.9868608
-69.50499
92.69186
14.057241
-33.105198
47.23867
-73.62711
-23.383327
-55.71059
4.744174
5.0758743
-51.9893
58.662056
14.832551
43.99884
3.5300348
-7.0845857
-4.971779
-28.634832
14.397711
-19.91876
64.74954
-105.49996
-79.48617
21.366488
21.744009
-1.7079556
26.3805
-71.71228
27.768951
61.656097
-5.3340516
33.223427
35.98516
-77.80461
-17.964994
-32.276127
-66.40343
-12.692225
6.85726
9.78591
13.746285
-39.697968
28.488646
32.45563
-70.5321
-28.065117
-22.936548
-64.01358
-9.090765
21.533228
3.658419
-14.687126
-13.285869
18.169825
16.522718
-52.6436
-9.563366
-4.616062
13.011903
-2.7098594
-4.184951
25.462307
-22.612217
-30.139812
87.10938
23.54578
-86.00205
1.9667145
12.821401
-27.559198
26.276258
2.1588027
-0.32190853
1.5033162
31.467188
22.721575
-20.127247
-42.102673
-45.514404
-19.801624
-61.36325
43.450996
80.58592
24.541574
73.48664
79.22578
30.939983
-27.419483
-4.3589463
12.902018
-20.201685
-58.169567
-11.822747
-45.317078
30.83617
-9.969018
-74.984024
91.85975
32.31418
65.68576
-30.74993
32.927532
6.471772
-1.2960416
31.922255
58.213387
52.304073
27.248573
-7.914904
-19.452263
55.121704
-1.7281309
38.282616
-57.89584
-24.468061
9.005621
7.1434703
45.36741
36.379246
-49.72275
-34.916805
48.473263
-7.1756697
57.98479
2.8253202
-34.359554
38.656815
19.147394
1.6499937
-43.046528
-7.208216
3.8060484
-110.025116
145.62488
-31.540966
-32.415253
2.9207869
-7.167688
42.79294
-58.706482
21.991844
-69.75206
62.9702
16.774813
21.200096
75.55088
-79.948166
-100.54445
6.4917727
12.923122
-47.274925
32.81105
-75.245125
27.06702
23.706123
-5.6367126
18.377823
8.39207
34.07456
15.465587
-35.962177
-84.4579
-3.9547076
17.77807
-19.049667
40.75279
0.7944073
-100.19951
-61.76348
-89.75894
6.943325
32.79722
-19.150671
-13.311097
16.101748
-62.46824
46.036213
-18.972815
56.122215
16.463022
-7.3253856
-20.278395
28.709171
-14.609674
66.29105
63.5669
-18.242168
-36.37527
28.830156
-37.66195
-36.14594
-18.027952
75.966965
8.196186
11.059474
12.318779
-4.197344
-17.125832
-56.57351
-34.105247
43.22897
-33.025337
-3.939571
-45.834866
47.50995
-85.133064
30.322317
-83.83333
20.358952
-45.983673
84.339355
0.8988789
19.661625
-29.040394
34.731846
24.79294
-5.7369065
-17.625967
55.19904
-57.35646
20.545918
92.6413
1.0822579
-36.679897
21.325129
23.333351
-77.41319
42.1641
27.883682
-33.410473
9.343893
1.9190356
63.700382
16.04619
38.548317
-29.772184
28.241821
27.263578
5.202016
-40.20307
-13.372561
-14.14983
-8.217864
-22.0693
6.568428
-70.49346
-59.284737
-10.663155
-35.27511
-41.732777
15.903891
69.463196
-14.537972
6.961973
44.62222
15.629532
5.348363
-14.114036
-28.491322
28.302044
33.01033
-88.48022
91.41694
-21.84326
35.257256
21.703176
-6.3727317
56.12073
55.97532
16.721882
116.28813
16.68382
-28.07118
-26.19422
31.932018
-41.25603
11.363957
78.816795
-36.523796
-18.706081
95.46063
3.3065867
-76.178566
76.52163
-87.080376
-3.9838474
-60.51927
-3.0813103
54.983063
-44.93314
-20.87638
-29.20181
13.947109
-27.310194
11.924141
7.4883375
-49.0045
-1.6554615
-3.019748
-99.02072
61.339607
56.914383
-8.673638
43.12188
-26.01589
-2.776522
-23.021528
75.72327
-3.280148
39.95426
21.457186
32.689114
-17.937862
49.52193
5.5012302
-119.5368
26.00954
-50.965572
-32.88999
45.3838
-56.8623
85.30269
-81.12903
63.886654
9.945963
-37.90701
-10.551896
0.46769685
59.521523
-48.618904
28.9042
-25.3971
-53.104004
-80.826065
-30.637924
-59.361706
29.233229
2.4416132
-52.16689
13.1389065
-138.88126
109.37151
-58.23219
-38.30751
-74.690186
11.331433
-36.15607
70.54537
10.483463
11.991369
-0.19444479
98.53658
-30.655909
29.273035
9.994674
75.97382
-45.04364
35.293736
151.00717
-34.769207
51.765194
-0.6166949
78.5346
-2.4987133
-52.010868
-11.587321
-9.7158
57.519062
-24.094881
31.012365
-14.908031
-53.093174
-34.463215
-2.4511971
18.61924
-2.3616595
-30.017958
-17.929897
-19.20335
22.301292
71.59672
19.450214
5.9868093
-21.855494
33.485573
-28.39842
64.479675
-66.32641
1.4596356
37.319023
29.019629
-28.034779
20.07016
-55.46883
-5.405353
-30.310415
12.368997
124.216736
-27.02365
42.938377
-5.8393207
9.756088
40.413895
11.124153
45.479065
5.530807
-13.896791
19.847101
-4.2364426
75.7146
-42.83069
-74.7325
-23.302967
-42.25308
5.9885693
-49.826202
-31.747707
24.914124
-0.5216672
-45.13393
-110.0796
-25.39681
-25.610167
-52.733074
-21.660234
58.606518
-12.393827
-17.716427
-5.1572356
50.777206
-26.904785
-12.740112
-26.33544
76.67022
-28.430271
9.363364
24.177715
-89.61662
-9.400708
-7.980305
69.02501
38.91938
-5.3950615
-99.63027
-17.166954
-79.678406
-24.790636
15.913317
-7.027025
-62.199707
24.322428
-70.55417
35.98019
17.011795
80.40875
-39.060104
-104.120384
-36.12745
-8.643517
74.92873
-18.671728
-11.383387
-89.63446
44.4426
47.243095
-65.1549
16.978727
-27.107054
-30.529976
-23.133774
33.77161
8.773579
0.03700674
-48.152798
99.286674
43.901806
52.7148
-20.981964
27.45517
37.217182
-7.691668
-7.0975256
48.360935
3.5785315
61.36346
9.567304
-16.723
58.40824
19.000895
-55.383007
-26.436302
-40.064144
-10.243843
26.122934
-66.81045
95.32369
1.885729
-35.638
-35.862118
43.153103
69.5719
-58.086143
32.818474
61.94124
-87.07231
-32.42904
55.897217
87.851715
49.719624
61.8903
46.964355
-53.786575
29.00355
115.14362
-5.305031
-4.1838913
-46.87808
-58.252785
112.26467
-3.2414212
9.71335
-13.317508
4.188999
-38.29943
11.780253
59.642212
-28.531498
72.50906
-16.804302
20.614853
-57.888515
3.1276977
3.9910257
0.25491968
-14.85687
4.5536165
7.2832747
-97.181496
-47.604595
-61.291985
31.270323
0.60191315
-3.421417
-40.421535
1.8348768
68.150375
-8.11361
-41.450478
36.24285
-48.217896
-8.435776
-61.142143
-50.158928
28.88398
17.17258
9.26932
60.01231
-30.545717
-37.3411
37.979313
-70.64272
-34.404755
67.87109
31.167812
26.563374
18.117926
-7.508362
7.2966657
-27.487425
8.787502
-17.613638
-118.135826
36.021576
9.914943
-54.47036
20.478106
-3.4872587
-27.339643
-78.65939
-24.203693
107.00965
19.767439
-76.40279
-86.879944
-29.110826
68.76155
11.9402275
17.344557
-30.966053
48.53739
-17.285393
-65.17498
-19.137417
-41.452824
89.26574
1.9925252
-19.466122
-15.891314
52.51183
-92.34563
62.059883
71.67999
-10.867437
47.696545
-23.825108
-45.995586
-49.27262
-23.365322
105.499176
-46.69268
-15.326941
-37.712234
-3.1942906
-42.567776
90.343056
28.437433
44.594357
-89.13635
-41.95114
-26.367582
12.246784
-3.4471416
76.91319
-0.72115797
-2.357572
52.664772
21.717709
-19.25961
-74.48117
-18.515526
57.069443
-51.365444
40.655514
-36.329872
50.08792
12.272912
3.6485863
-13.241883
-7.2215877
44.591763
-30.945374
15.595083
85.107895
43.39513
-49.968758
-55.897617
69.30024
-1.7058156
30.435272
-23.745895
-42.013115
-80.53935
-5.580328
7.4889774
25.410326
44.122177
31.340218
-35.67085
35.59938
33.319626
67.202576
17.137112
35.770767
22.940886
71.06648
-62.227917
26.458513
29.035315
1.8377111
3.1447582
83.609924
11.05798
-136.10909
-51.134922
73.624535
1.8500302
80.61454
15.786777
-10.55179
10.076831
-80.62164
93.480644
51.568626
49.67157
21.715944
-49.581352
7.630483
-1.5249836
-5.026077
-95.201324
7.234212
-45.233112
-46.33315
-31.150232
-29.349789
-15.646216
24.127897
17.392962
-5.655281
19.632807
19.858763
-55.850903
72.36378
-63.54711
51.28937
-96.560524
9.917248
-22.867281
41.992577
31.336136
-5.3368464
-24.654215
51.074013
-105.55218
42.46284
-42.638638
78.20941
-74.256134
9.8238325
-16.389498
-27.828976
24.293873
-36.87091
12.005243
-59.199287
-20.82011
27.586418
-48.411144
-36.579113
14.430799
7.390132
-7.3591566
46.91998
-62.403667
2.7783282
4.636994
39.889194
13.1169615
66.903786
-82.50458
19.41257
40.78844
-12.068131
-30.049664
-15.8438
59.329754
-72.69621
-39.79271
14.180844
-13.557793
50.251354
34.42845
-47.864494
80.333244
85.211655
39.887806
59.158848
-4.429036
31.538395
-122.447174
19.813631
-45.658615
38.971104
-21.58984
30.622059
-81.73233
-10.618705
34.066544
32.92052
-13.898209
-4.8426924
6.9870977
-67.14907
18.214476
47.156567
-82.90385
-40.314983
45.677967
10.305511
-25.631348
-122.7767
129.63074
-42.601208
99.04895
-11.597329
-1.5198604
-15.197577
-9.812953
30.778805
-26.400398
65.83379
-5.973691
98.756165
-66.5679
49.678955
-84.92354
21.78179
-18.326431
45.063587
-47.277397
89.533356
30.598577
-58.014862
-2.4834695
17.191507
-36.090534
20.615923
15.218025
33.78559
6.650833
-77.91104
69.785355
-54.45709
11.3370495
-54.006214
-103.91295
59.90959
-42.305206
8.301504
-112.31485
29.34111
-16.35786
37.65747
49.438747
42.36939
6.5028768
6.1546335
53.471237
-0.28082696
75.2284
-60.644302
33.239994
-32.30704
-10.962008
20.41893
-10.484869
16.684738
-19.312464
-36.139137
32.98835
28.519094
-49.182392
-61.085827
-20.81024
110.418594
-49.067616
33.176365
-65.28404
-28.364477
2.564865
-10.651364
7.6373425
48.582623
-55.87061
-53.8747
-12.513388
-55.771595
-12.768111
39.474854
-4.836977
-8.606644
-0.14996162
70.32612
-89.8356
-125.77896
-7.2769585
12.928044
83.254486
-84.24331
20.44045
-17.353357
-78.16373
22.457546
2.2512083
0.433397
97.458435
-100.90814
-34.81975
37.029778
31.282856
-89.32351
-22.436192
72.58371
-41.005222
-14.761535
-92.40531
39.710133
-31.880331
-22.83083
-45.17241
-41.053143
71.74847
-52.213554
54.334877
35.075684
57.92958
37.420315
21.262203
-72.17648
53.047394
-64.488976
58.220078
-12.292087
2.816888
-37.234478
-32.251865
91.73511
-14.8410845
-49.733723
4.9745307
-23.277393
18.332043
37.18609
-1.9546266
-7.540464
33.7469
-38.888287
20.838566
33.370697
10.808447
72.6298
-16.762548
-11.252281
-117.85851
-29.17247
-17.926489
-27.8463
43.790447
126.41561
75.57904
-60.29032
-12.066365
-10.779975
-14.165823
40.52598
61.881287
-17.652918
-73.724525
48.758427
42.889492
21.070435
44.73913
-1.5326501
1.6031114
25.59198
-12.1261215
1.0203775
41.03986
19.072138
17.474478
-27.542017
-47.369076
45.171867
42.994698
-59.95824
21.384373
-14.9450035
40.26152
-23.18991
-91.05989
-62.859444
76.39857
-7.6397743
27.757374
6.754235
-20.74061
-10.00315
32.889393
31.06272
47.288662
-90.698654
-2.34702
67.61574
-40.18411
51.998604
-2.6599133
-20.998846
-35.37013
91.28614
66.156845
-18.408936
-2.8381078
2.54166
44.00535
-184.5007
99.2827
19.975866
102.414444
5.664462
-6.9286766
33.046227
9.387104
-113.62403
4.0264397
64.53307
51.97289
-33.18946
-45.232754
5.780328
-79.29127
33.7967
36.432163
-2.1339839
-92.00198
2.5935552
5.534955
89.44372
-31.455568
55.73387
98.76952
-116.26266
-28.909079
31.704285
7.9410114
1.7626252
-23.49081
35.816486
-35.05636
-55.69374
-18.563292
-38.161602
-2.2398467
-36.446598
60.980835
41.971813
-1.2050579
24.586317
-48.066868
28.533117
-18.400139
-15.36501
-9.270467
-24.516388
-0.56594974
-80.46298
-8.229884
-35.44926
41.404636
20.921164
-16.141338
1.9450738
-1.8039684
-20.58928
-90.87676
-11.642975
-30.604282
9.184662
-34.99973
29.281776
17.502363
-145.53156
12.429722
-77.16094
27.393023
-36.57144
-6.9038386
-20.494728
-10.740642
-48.12559
2.6067948
14.612406
35.807148
33.27543
17.17783
-21.780632
-7.805398
5.388639
-2.3441772
-18.91757
-59.504738
11.912855
-8.509668
-66.06551
-36.115818
81.06
58.625114
-47.08761
-47.247993
68.42003
-34.84726
25.900917
-0.48078266
79.34014
-22.617012
-12.386518
58.92538
40.058376
-11.581111
-60.887993
61.18768
30.245134
110.87345
3.5517416
120.40297
1.9080197
35.27175
-74.3537
90.72368
-38.88006
77.07165
-23.237387
43.82076
-27.947947
-34.546757
37.22636
-13.998216
66.318
38.216507
-31.870653
6.0892634
-0.03231817
-84.16987
-17.464758
7.358112
30.712614
26.8151
9.348598
64.11277
-8.351347
27.529552
15.322568
11.270701
-0.87311894
-17.780066
-34.39783
-5.3664293
-64.24437
38.832695
-10.564122
-11.042217
5.7453694
25.482483
77.68019
35.185463
-28.031246
60.311684
42.844593
-28.334023
-3.0250485
-23.593737
3.874174
72.16647
29.267195
12.239629
-67.84365
-50.19997
-9.200307
-16.543139
4.356742
-90.396996
-18.160032
11.475319
52.985703
10.791233
10.531081
-68.753746
38.636288
-52.34805
-54.619522
14.45102
45.90345
-67.75598
64.923355
-55.370148
11.676851
22.53032
-38.63737
58.951923
-32.59049
47.35316
26.850235
-100.846214
42.473198
-24.704914
92.0747
-113.65318
103.28919
-47.934906
31.695232
41.68194
41.72433
-59.590267
-15.86733
25.818415
-39.439857
33.350525
42.05567
30.211763
39.45917
-38.113697
-48.569553
101.80403
32.745842
-19.554447
46.84062
-63.894436
-60.663918
-85.52806
24.277742
-27.550407
-100.339966
144.74875
28.914743
-32.570885
10.15732
20.054169
-43.381226
113.78903
-70.555756
69.09237
71.85012
-4.490953
65.88306
71.52781
-11.454299
-37.231743
-8.828678
-53.33228
14.800316
-46.753284
49.05237
19.292042
24.82855
-49.208122
33.70482
-20.566355
15.12832
-20.844547
-37.697395
93.05463
15.68457
50.4616
-10.099698
37.05528
87.94875
40.416985
64.30065
-81.87917
-15.399314
1.8997285
31.829523
14.1769
-40.947674
-19.08096
16.4027
-23.83235
8.409846
-56.968445
110.82166
-73.4357
-45.438236
34.22672
23.65918
4.7287426
-48.779804
28.94339
-72.63102
-47.416393
44.681747
-60.74079
77.235565
38.17784
16.025515
-14.490025
1.0364131
-44.729134
11.365606
-54.357098
-49.634216
20.611307
-36.803894
25.919931
-103.24699
-9.905162
-32.779747
-6.128225
-107.44971
28.828102
-29.376543
69.81652
-19.809914
20.172829
-6.1455994
43.632664
-13.956206
14.624807
-29.087875
-22.593191
61.649376
-62.50684
28.043833
-10.631933
50.321888
-94.24266
6.7105584
-30.453142
-44.486988
17.937357
-36.65823
-38.491467
-0.37736818
-43.79585
-14.613102
30.327541
-81.27852
13.235742
94.634056
11.980298
62.369064
-72.89194
126.19496
-40.129215
-32.445576
-15.449838
12.118923
-71.89391
-102.234436
-0.017610718
7.7041526
-35.10743
16.746895
49.12912
74.57283
13.567159
-73.496056
-17.132223
24.587675
-25.292528
53.892094
12.186744
-59.565712
48.80971
73.512825
-36.520077
57.31086
29.296444
105.746315
-58.287327
6.1878214
-65.252045
27.258081
97.20678
-76.16547
77.288574
-76.803795
76.40815
-39.107224
-27.910185
1.1242911
-18.88752
28.700373
-32.611034
-47.76133
92.309616
-62.134357
3.3893583
-49.9964
-30.861414
47.347168
21.639502
-6.827649
28.978907
-58.659286
2.6189263
22.134237
-33.46373
73.88743
46.154854
26.877802
20.590805
5.898073
25.120869
-79.56967
44.80987
12.957749
51.478306
12.187132
48.05742
20.10028
-23.655998
73.79047
107.03064
70.71236
17.116076
99.49061
-16.116095
-62.447395
4.716142
-9.589412
-56.21845
18.709497
-92.79798
93.73475
-47.87803
61.65212
-38.96926
-13.640039
10.627233
-109.360664
24.68979
12.83265
64.96851
54.166607
5.505534
53.116188
-71.62587
12.555915
-81.130714
40.457516
-43.01046
99.68406
35.18391
4.913593
92.672806
-107.22053
74.30643
-21.502344
-27.560856
-72.8504
68.847885
53.253616
-48.43455
-19.888159
-75.22286
9.495588
-93.56764
4.975727
-30.432894
11.141213
-4.7502465
-39.35923
9.932799
-77.96961
-13.869302
-27.085964
-35.257168
-29.424442
23.502491
-44.555847
-66.07695
-23.518011
-31.045176
-6.296743
76.78906
-16.279354
-135.69804
-106.0188
-37.776176
-63.612576
1.7940009
-4.8977327
16.195864
44.285774
52.9134
34.6052
-16.450323
14.40113
-36.25176
-0.60108083
53.420506
38.176167
25.666447
-21.904016
41.358665
15.912447
-61.39636
-38.52797
2.150543
-60.017235
65.17254
3.9434462
66.19831
57.722942
-53.36261
-5.23913
-54.77579
-39.080784
-82.94378
-10.199984
-17.107004
-0.54851145
-23.599447
-20.14068
-70.31503
-98.252556
35.10264
18.517214
61.19466
0.0047754804
151.67084
-3.416764
101.05433
-34.032036
1.2574551
-8.011973
-3.967858
61.134457
63.826626
47.076828
38.706528
101.25538
-18.673157
17.239416
54.314903
102.48551
50.2255
-96.36479
-66.62648
36.35832
25.933586
62.833748
57.41404
5.033377
-37.882954
-36.303772
6.9689426
-13.0461
-39.81716
4.8728843
91.214584
-109.29291
24.924833
-67.923935
-14.5606785
-62.257877
52.88469
92.61324
-41.678223
-37.903538
33.308784
36.367973
34.579144
-56.74
-58.36776
-9.628602
-74.18715
-28.426453
2.5062354
-15.649543
-17.783148
64.74005
-50.445732
-34.84341
-25.556467
23.945543
59.269146
-20.988422
57.29357
55.031273
-12.7826
-4.5351176
-26.136581
-18.225761
-87.802124
-66.51446
20.565504
33.777912
3.3471131
54.8344
-26.256111
-34.458084
-83.641754
-22.445492
-38.23161
19.495218
11.667306
-6.7443075
-49.74442
-26.018524
64.95353
-29.330957
58.848595
37.372284
28.217405
35.026264
1.6106972
-1.0266981
93.1275
-17.005095
66.23058
-24.00696
13.964573
-3.4181201
17.119654
-30.024654
31.709555
26.826406
65.42184
-31.559883
-76.81095
3.0282316
-47.050518
53.488544
42.15713
-23.100597
-55.68139
25.778461
-45.045692
143.60345
37.243797
-36.046143
12.268509
7.683152
-10.324088
-4.3361254
-9.743653
119.55315
28.223423
-63.251385
9.425147
11.424969
13.194557
19.264088
-61.394276
35.71334
-31.006586
97.64331
-0.730269
-10.520282
-11.058648
21.369808
-107.63105
29.667671
-45.96302
66.449165
-12.447272
77.16528
-73.64159
-78.302666
16.78187
-49.321968
43.183525
9.867727
-88.30898
-7.6856804
39.51787
-49.977367
-28.102865
-53.072147
29.77955
-2.1835017
-46.25107
-12.123771
45.4139
-3.4244525
13.004776
-48.53515
-31.403708
77.53308
-81.413635
-15.781632
0.07451089
-37.01186
18.211353
36.497425
-42.067036
-28.050018
-28.494917
-12.115642
71.19972
-30.470675
47.463745
-46.032494
-65.441986
4.000284
-5.8436174
57.193157
18.935719
29.095922
-55.44547
-15.545525
-52.437428
63.160175
-14.151533
-13.056816
-113.51229
20.4294
81.2329
31.654951
-133.16714
24.789341
-66.35373
98.14
2.6032848
-14.641135
44.7448
-36.24649
71.90213
18.17443
-40.505123
4.5243325
-12.238179
47.28261
-4.166303
-32.93728
41.201263
-43.34508
11.63305
-12.30562
-40.70398
21.675653
-23.60662
21.423183
-36.25829
-18.797796
-63.280045
-22.921444
-39.422775
7.3266025
-28.715048
6.2076917
-15.990961
47.080612
46.520634
132.81139
7.2760134
1.1825751
72.127815
0.060022637
34.676216
23.127563
-19.266565
-11.764942
-18.2159
5.3657913
-9.156107
48.507244
5.646808
78.80162
23.375084
-17.289373
-34.647797
-14.769452
-15.429479
-30.306734
-37.234264
45.309853
-80.73824
44.949596
81.1696
51.024643
-152.15019
37.094955
76.88605
-23.70763
91.62538
-81.461426
7.704985
33.386894
22.183088
-16.109985
-79.98922
48.378128
5.1369286
-25.302553
40.87179
25.2366
-40.24901
49.913086
88.94832
5.0665755
7.7269654
-13.667981
15.245204
102.90896
-53.236465
60.352314
-56.111526
7.8318
6.1905785
32.70069
-15.6982765
39.16885
-53.98309
61.29725
-97.19846
54.20739
40.975758
-95.143456
-69.98085
60.096622
-97.15999
-73.07527
-4.9592957
-37.748528
14.687462
29.064531
-31.359303
23.084572
3.9068463
38.418076
-26.907764
11.499044
-0.4226578
-6.5527954
37.620922
-29.494957
33.757904
42.622562
8.037917
19.422663
52.74301
-12.809741
-14.302267
-73.37778
41.782852
-20.53573
-10.877446
-27.122627
-39.00708
122.46447
-83.42793
37.184586
-84.243546
27.684801
47.582603
-10.517029
25.15578
-18.091593
-8.170191
-27.09682
75.06075
-27.077984
-94.56962
-59.307
44.833984
39.40813
-118.92059
-44.582157
14.101931
90.543045
-5.3896246
23.607784
-1.5986809
-35.622234
-47.639633
72.642975
-81.17098
139.55145
-16.167824
48.1247
-172.50435
26.362547
4.402612
18.421312
128.12123
57.19017
49.941593
12.948581
8.576794
-1.7279346
6.7605715
23.914516
-10.967498
31.5244
-24.627424
18.146423
-19.575787
-16.067652
13.071726
-35.510166
-58.12291
42.205177
-142.08467
-0.031600207
-19.291716
-12.12152
31.353392
36.970516
-62.358902
35.469555
28.660831
40.453682
10.316318
-56.102207
63.141922
-16.84316
55.7916
-62.555275
26.019974
-3.8894339
0.6436534
16.431631
43.687065
-63.02844
15.706491
-67.5142
65.6052
46.524258
-103.19419
-37.062836
53.72736
38.8337
-50.231842
10.257163
-39.169926
-18.722832
96.03401
39.379635
-53.477768
-22.83332
103.69214
-75.93766
-144.3295
-34.480194
121.06724
21.580717
-101.437065
-8.503181
-26.811453
-11.201226
-11.872553
-88.30984
61.369095
-37.700558
45.439156
-43.267147
10.978602
-12.397665
9.011251
-25.575264
-14.824799
42.43356
-33.846996
96.78766
-21.43617
48.064476
74.1453
-53.156605
11.820293
27.6535
-96.20494
-20.023449
73.55913
23.094437
-51.915627
-19.031906
25.376097
-30.90749
19.169447
13.028736
-15.266166
58.08054
-46.588676
1.3800796
76.93794
-27.354155
-36.346394
66.970085
-19.117981
42.9672
9.211875
-24.434294
52.050594
60.529865
21.859821
-27.953613
21.492912
0.4742829
-27.807394
-34.14788
-46.115044
17.945244
-10.781112
-70.8158
68.87061
-65.78002
44.397316
114.351845
-56.567173
64.82415
52.726833
2.1339555
-43.98101
-4.9376583
-41.858765
-15.307929
-5.352537
-33.400692
2.389947
23.340427
34.56247
-33.621155
38.915024
-19.338001
-17.021957
60.51875
14.248665
-122.47953
-104.192764
-6.3103676
-13.259796
22.712812
-47.204086
31.657244
2.453864
8.283036
-52.282574
14.937065
17.568865
17.049637
-33.835716
66.71039
26.089542
25.593182
-67.07569
23.749537
-28.152956
-5.8104315
-90.03157
-44.190315
-36.21184
24.364868
-36.87978
87.72806
-68.28832
-28.209112
7.7830114
-32.15374
-3.704328
-31.488949
-16.698559
-9.331833
70.107994
-13.705821
-73.643776
25.438078
58.48557
28.059128
-61.92255
69.5894
-9.945183
-75.694244
38.791973
-1.8628715
19.956484
64.411964
10.51848
87.12437
-20.827366
36.335514
-32.176563
-21.825016
16.812464
8.92224
17.680782
-29.678905
12.657122
-21.867462
-20.010822
3.0176034
25.692059
80.476494
17.743849
66.72305
-22.777103
-5.162515
39.837784
-29.335379
60.51819
-19.340338
-21.77733
0.067359224
11.08678
5.3729186
-40.67774
-29.919767
-23.919792
17.576685
38.41677
-26.448496
48.722744
-63.147987
44.631386
98.19398
-27.46543
8.552086
13.787531
28.974035
-46.847023
-54.157696
35.885036
72.397675
1.2007854
-25.756592
5.6978426
-59.382122
22.303442
-6.882142
42.166245
-3.3068252
37.282955
-59.174347
-65.045944
59.530693
13.566533
-14.92857
7.7264647
-117.211105
-30.480444
42.510193
-94.20097
26.076958
-4.2698836
32.277813
-37.127766
53.49133
13.598201
-32.22093
-4.154815
58.604042
-85.03295
-9.767264
-12.953819
24.288746
14.140216
49.531105
-82.789116
-11.610452
34.92475
43.770947
-77.42401
-74.44044
-118.95019
-55.108574
65.34315
74.374626
-49.407566
30.307953
24.55879
27.466116
-27.534094
0.5764638
20.504421
-24.034645
90.57558
-46.376743
21.576077
-28.580872
-66.57574
2.1771984
65.54846
-132.12115
12.049384
59.808838
25.735285
-34.51506
-40.745907
69.22424
40.709583
66.13675
13.337522
-72.545586
50.465996
-45.72064
54.251495
18.095257
32.306915
-82.26316
34.527008
-11.341305
56.14918
34.73344
-9.043136
-1.0988597
-0.047961596
-18.060894
-51.77054
28.891367
24.584356
18.724043
-64.01802
34.084866
-45.879818
15.973534
-9.784381
-10.749463
25.69393
1.3747551
-1.290236
7.774065
27.511374
35.881004
-73.31498
-84.654015
56.654694
33.892746
137.43658
67.74571
-63.346874
-51.475307
39.74821
-52.409103
-7.815647
3.4415042
-13.204772
2.0507612
-4.3625236
43.20825
-126.281845
56.066555
-85.967575
43.444786
-26.19916
72.750755
-32.245975
23.167353
26.9175
20.30007
34.42219
43.233597
-29.144138
11.249756
-48.784832
-118.25407
49.061172
21.402597
19.788258
18.394943
43.255505
-18.327135
-77.95149
77.55673
13.108983
21.170544
-41.772278
-22.520727
-12.684961
-83.66665
-39.361084
117.6339
4.892958
-66.84538
-62.76681
-13.103616
-20.845821
76.69724
19.313995
-34.68739
31.553793
-11.309945
-25.211111
10.783022
18.788187
-61.08553
-6.431337
3.740591
67.25906
6.2407928
-36.85877
-68.05042
-34.278225
-12.631228
36.366467
-2.2618046
-23.925978
-23.356236
35.74049
25.683815
-85.04831
25.81254
-62.53882
-2.3108299
-2.4842074
84.55377
-46.11079
-5.3242917
-32.88764
20.840918
-86.7468
64.93878
13.681681
-67.12808
-57.3202
-54.796673
7.712508
-11.340896
101.35659
-25.145975
11.723633
-23.281317
-38.95817
-17.740252
-91.03481
31.027025
-11.325123
73.660706
-1.87054
-53.656116
23.92297
43.337143
128.79309
-25.416824
93.77688
10.655114
-107.769325
113.47333
34.34207
44.156834
31.488367
-14.262277
-38.17818
30.154255
9.522563
31.93151
-54.28798
-7.783019
-3.62186
-30.849508
8.765758
8.924297
-3.5928533
24.728079
30.339314
75.51538
-17.233162
67.06005
-63.572376
88.854294
13.874758
-55.411976
43.342346
-18.398521
45.952
3.3026512
63.657623
12.83849
0.74514467
-29.6405
66.05941
39.67247
-29.34534
47.994728
-22.81848
18.44899
-13.652596
68.639725
86.063995
-52.06001
2.6612544
-6.60396
17.424778
-5.619383
53.642338
-22.939894
10.693302
43.810123
-7.503815
-2.3233929
-5.6110306
-71.564835
25.509201
35.349117
6.1983
-15.411146
-32.84278
38.820396
-52.0601
-12.396277
-0.4993548
-74.74919
-40.951946
-32.591553
-14.623366
71.12437
-56.12019
64.9203
10.657763
-2.912051
57.712044
-35.826103
40.611206
55.43721
-60.72156
-32.690975
-63.336052
-27.019888
-37.28115
-11.358958
-17.712784
-51.92705
40.26783
-27.37514
9.949893
38.894405
-38.166718
23.270226
-100.21644
11.204531
-23.573025
15.433352
-7.8493133
-37.59256
-19.746323
47.267406
-26.813942
-40.729645
22.434397
-31.318947
-38.340366
-18.836527
-53.31352
98.20748
52.074738
-21.229765
48.061977
-17.761595
15.001237
-48.622635
-41.160507
-16.255136
-74.15534
7.5609756
60.056095
93.6589
-67.99469
-57.91512
67.70618
24.459108
-123.12323
31.327702
27.660038
-19.033955
-29.754906
75.276955
61.020817
0.1094641
13.809902
-27.67217
10.1852455
-3.0322318
-25.025772
-50.46354
14.564038
-19.073702
-9.732499
-22.031895
39.436104
55.662895
-3.7885318
-37.585545
60.353386
44.206314
-41.52968
21.733019
26.5524
-73.55569
11.842432
-42.454838
-23.168768
11.612775
47.926826
9.029692
23.707176
30.799534
63.055702
38.724712
-22.198895
15.724877
21.840765
-5.1817365
39.083225
-6.510307
46.220543
29.978533
-56.0862
27.097782
-76.69856
10.789023
6.0747366
-114.45269
-33.17035
95.754974
36.164967
89.73986
149.18024
26.57773
-96.02343
-14.081857
22.195711
-52.241974
9.182838
50.19249
108.092636
-42.257942
19.680435
28.905579
27.440535
-107.74021
41.225643
-31.942497
42.23624
-5.1964464
3.0188878
-29.714342
-15.454993
-12.9735155
40.10539
-28.726614
5.467102
-14.295859
28.242851
11.06918
-11.542268
-4.6679215
49.388107
-65.46775
17.106806
14.633576
-6.6217484
34.38547
46.260128
27.983171
-12.589234
-2.068785
-47.698887
-3.0195312
27.624048
-20.858263
-60.308826
1.8909183
-2.2829638
-111.4027
76.07799
14.169175
-51.21619
35.278927
48.559727
-46.544327
8.911079
-54.1232
53.831394
29.03112
41.990044
-65.94571
13.220203
37.32215
-45.427174
-95.0415
-7.3901343
-77.2914
66.08355
-23.05746
9.359435
31.343758
-29.469967
-112.39019
39.77315
-9.237154
19.171684
-94.379486
115.121155
21.575422
11.867589
-24.073494
15.164784
-99.94454
26.091393
-2.6871386
-99.41788
104.89524
-3.4049482
32.071537
13.09159
-6.3316374
-3.5837033
24.580666
16.592234
-1.4237583
42.495796
-10.576214
-31.755543
59.852013
-12.568114
-28.2793
-17.120975
-36.249416
55.392353
12.403216
8.201162
-22.180828
2.6401691
-21.92346
16.530823
60.718678
-13.882025
0.8850333
38.224243
-47.70194
51.621216
-29.188856
-5.7177186
46.397274
3.7174382
-12.712344
23.889112
-111.834145
-71.338684
54.303005
37.204716
0.98584896
-5.364576
33.283894
-19.715809
-32.251415
52.22449
-23.885715
18.373547
-52.135887
71.83658
-13.914975
-63.05907
-89.160805
52.13205
-50.07002
15.994617
-20.8226
31.40715
11.504898
-9.224124
43.6767
30.705584
43.11936
8.395098
0.43275237
-95.764
31.621838
-113.74389
70.66789
2.1985965
36.523304
-10.877159
-70.97282
5.2945313
63.535778
-22.77123
-32.481796
-22.639654
91.34502
-14.542748
33.230682
-53.84806
-0.8391952
16.9952
53.669685
-54.13306
7.9102907
65.95793
13.335812
-13.689542
-6.2163424
-76.91644
-30.67626
33.690586
-54.051193
-15.954705
3.7514687
14.875645
-69.96567
16.376072
13.534429
80.4881
30.991365
-11.119037
-13.184755
-25.888966
-29.60725
-34.540775
20.97085
2.9077156
-17.159117
110.94975
-15.244358
-60.074467
25.831833
100.16249
26.837545
32.050964
-24.01937
27.277554
12.83173
-19.055485
-40.249733
29.294495
-50.930386
1.4963818
-47.139862
52.9138
46.429474
53.004765
-13.0838375
62.719215
29.015568
2.574581
-84.10823
34.14721
55.10997
-54.276974
54.91077
-35.670345
60.191444
-61.63635
-44.411457
-19.652868
22.1468
7.073097
33.45722
-33.578915
32.348824
4.3089867
30.884844
-57.1525
38.65761
-35.755142
111.42501
39.59381
-0.7183939
39.37292
19.78729
40.47909
-96.48928
89.42331
17.914944
12.617385
-4.07742
-32.981937
5.917293
-90.645164
28.408379
-1.1258041
-43.0656
17.63975
-7.871966
-28.525696
-34.449905
-13.19408
-54.274647
-4.3539023
50.862392
-74.02837
-55.9838
0.8394596
-5.4736543
-8.9429
-12.857788
33.139267
-68.781654
35.355118
-62.194466
117.25801
-28.143991
1.6478901
-46.885185
-26.307335
-30.52847
55.45292
19.950274
0.19029939
-43.965485
44.204506
-27.40139
13.525475
-44.531994
45.34761
-21.872986
18.404842
27.50493
-27.916473
3.353256
37.49968
-66.217964
10.015563
-15.345
-11.468737
37.297955
-61.698837
53.17062
-4.324829
31.708601
-84.394516
18.304396
-0.27941605
-50.647343
79.7104
55.27199
-40.446087
-12.048955
34.126804
-115.367226
-58.428818
104.25647
-94.10889
-6.703069
-1.9803561
62.764366
31.914618
-88.53264
3.667534
56.438797
25.349018
-23.403666
15.828114
67.402954
-6.643975
12.4590225
2.8658187
91.44041
-51.84423
60.386597
-73.93113
76.89915
7.7341084
-75.14168
24.459913
15.696764
-28.22995
-0.062176436
39.379963
40.24232
-32.548218
-71.07115
46.03097
-16.912428
89.06239
-97.95912
50.212257
10.053708
60.898605
-59.53447
5.287705
-10.245701
88.77818
-41.83977
32.29514
59.11175
-50.295063
35.141266
51.86591
-70.04807
-53.575935
9.740682
22.132812
-65.59599
-28.904524
66.124115
-53.884537
25.675777
-47.18903
41.95131
-36.605167
60.250465
58.643364
8.160117
51.328964
16.227434
-87.659386
168.16803
35.73626
-89.797165
54.865532
-7.969323
53.817944
-117.01647
100.40366
-40.64382
3.5713801
-51.543957
-2.5980856
-41.646683
-38.039207
-19.43103
-109.47402
50.68851
-9.892479
35.751637
-31.80582
60.607674
-19.36717
-49.898106
-13.390646
75.14541
-94.481094
-42.741467
2.4135475
30.809132
-32.336037
24.677801
-34.03844
76.50451
-42.21381
-18.629025
-69.4418
26.841864
64.70499
10.75008
-48.429287
-59.491867
-22.058842
-32.020855
21.824682
-112.782814
14.449194
-14.815573
10.832926
-34.18794
-30.457808
32.353825
77.48815
-45.65557
-44.67502
18.918674
-17.485245
-69.70042
49.115917
-64.02082
-30.360006
62.89497
-5.7661953
91.37173
-99.719635
-42.36998
10.078
28.797619
31.22531
-74.004776
41.400116
-21.237207
52.581146
-58.032356
-74.25022
3.8546908
51.12072
45.025833
67.031425
203.48842
32.372837
-68.30381
23.843973
-1.8810436
8.510374
-5.1949105
10.280389
-17.911139
-27.749414
-21.12648
23.993805
22.538254
20.377644
37.104343
-18.412018
2.8685725
-18.301502
-20.920284
-5.410474
75.14294
5.0695257
35.996376
-57.422905
-37.38104
43.853622
124.87528
-46.407024
81.56057
8.57848
40.521606
25.034515
20.233181
-18.41014
37.19129
-66.41958
60.08266
-3.0166366
-93.24722
13.756333
-13.943574
15.624984
-0.56714576
-28.65528
21.912457
-89.15928
3.1311154
-43.84569
16.716442
109.82415
-23.112486
-6.957005
-5.306777
2.1532416
-40.82264
9.908979
85.14178
-3.0118868
30.292112
62.43063
-49.76267
24.120884
-11.250207
-61.901447
-50.04943
-58.287716
-0.9452172
60.69683
-11.698287
29.951643
-14.503797
4.3596916
54.338684
-19.415548
72.811615
21.913656
3.732862
-74.505196
-5.9579196
17.877857
13.776018
24.504435
-40.973587
-7.4588594
22.794285
-60.263195
-33.907944
111.76592
-36.006763
-32.649017
-112.259125
-46.403255
-8.551071
8.441458
1.1373413
-45.03075
31.756472
5.9057536
-21.787899
117.742325
-48.2875
32.862667
21.247314
54.022686
88.30033
-17.759336
-84.46755
-25.19941
92.73141
24.948153
0.6715028
-119.97388
-10.767424
28.244198
-76.9135
-14.786853
-10.202425
87.79929
-27.608269
43.79706
-90.03286
-127.39517
-24.86445
51.186787
-20.225903
67.165375
-40.4993
-52.497818
47.162506
52.205765
-29.820787
25.525736
-53.79133
24.85324
-60.79071
-5.5060816
52.85089
-18.73671
-115.55654
21.968317
-14.7986355
20.91222
-4.6629906
-25.515913
-17.314
42.20303
-56.409733
26.075228
-28.018564
18.345078
-71.294876
-3.8737004
-16.28547
77.16106
68.043365
-22.055067
-27.65827
16.122362
-35.06712
-20.70222
24.84483
-3.665438
44.931404
-22.074543
-78.600235
21.648096
73.613525
-55.155594
30.83497
-14.591093
57.988422
10.298744
-30.357754
-34.323574
-4.240471
76.944305
50.772144
-15.956979
-13.14589
1.7518696
27.774235
47.52008
37.592827
11.058812
13.421117
135.27246
-31.388924
38.20226
77.72054
-100.90847
16.257042
-28.426317
-115.13278
-10.422672
-30.76794
72.56763
10.234542
29.238693
83.09129
-75.761314
-106.10439
40.26104
53.12938
-9.509511
-32.15712
40.60983
61.89564
-43.588448
2.684589
22.297693
21.05496
13.103075
33.182594
-3.6236837
65.04403
-78.733116
-0.848102
-81.07174
6.8649154
-44.68332
7.131647
-77.58329
-14.379618
6.3580403
81.6722
-7.2840223
-25.885218
62.475586
-59.129913
34.99391
-14.480139
-92.12687
18.915857
-67.70718
23.5858
11.134595
3.2755547
51.29721
18.626398
-29.439907
-74.14628
-48.74943
50.16598
-29.929153
5.9961786
-99.729515
4.8144894
-73.35456
-18.10434
31.282383
0.36926004
-118.62869
-59.033596
-72.37303
64.42823
72.88771
1.1558391
48.36695
37.742046
-39.30307
-52.290188
-77.614944
-56.685135
124.723465
47.37781
-18.832533
23.194805
-58.781612
68.18401
-80.14701
19.919703
28.509365
-67.99863
-9.084183
-20.199516
16.881691
-38.441246
-14.447167
24.607656
-28.07676
42.13688
75.47138
22.303902
-59.943546
111.043465
12.90783
61.80534
-32.58699
-46.74942
-46.57363
-58.194202
-19.249706
35.88217
-19.530539
45.444855
-73.46322
6.716405
-15.733371
16.688955
1.2195383
66.3853
-6.6609697
-62.31035
37.594906
35.867004
13.57524
-44.207138
57.87857
-8.755351
-73.988884
29.215443
48.062992
-61.15083
-23.343496
61.033283
-2.890546
147.55794
17.306957
-43.080994
23.7569
-41.702087
-20.790731
-34.23217
-31.464716
28.332468
81.62582
-108.45647
15.177895
-6.130531
-10.31367
-51.37046
5.818978
134.38312
-44.652733
20.625696
-17.599903
-53.291874
70.1246
-2.8490226
14.272401
8.216287
38.557106
-26.607538
10.5902405
34.183643
-50.36205
-70.404854
78.84248
-13.109743
12.241609
35.19484
-2.2076414
88.558304
-55.94675
60.44966
20.816563
16.09354
-128.06715
64.68837
10.998026
55.781574
49.985558
-120.55177
66.841675
-10.645451
-16.642542
-60.392662
96.51528
19.72474
-13.482427
17.345907
-87.43171
68.2316
54.648632
-45.62225
-20.123837
58.118706
-39.327877
20.458805
24.138704
-93.60738
5.9182215
-40.93495
-39.696125
87.303604
-4.958669
101.11511
12.226587
25.740446
-13.185918
-16.366777
9.921179
-12.507672
89.77717
-36.294655
-53.22147
-50.12434
-23.864115
6.2063494
-37.7112
137.89505
-19.512909
5.4064007
5.7635407
-27.849543
-82.640144
2.3325346
4.762483
26.34719
40.020283
-34.44754
29.615887
-61.64873
12.691653
-66.42577
-6.090767
81.12313
-40.49178
-22.577143
-9.622607
-33.736225
68.28797
-16.397026
-30.95313
-6.082649
68.76989
-15.698015
29.971445
-42.040466
13.731529
-16.621923
31.762646
-49.38037
-54.86059
43.822697
35.23674
13.088358
-20.37915
-26.897997
51.88246
-81.208435
-1.9758118
15.192494
-27.472849
43.893707
57.36824
90.493164
-55.30344
34.415924
-102.33181
-24.5949
-37.474453
11.830783
-13.493604
-3.669885
22.583548
27.91147
-31.123959
21.431509
36.694504
9.71504
2.5013483
61.93075
-78.14906
-60.704693
24.91042
-34.337833
-37.092037
62.112144
46.554802
67.18424
5.5523043
-69.3376
17.51545
36.348095
-105.192314
30.521626
25.57845
35.10122
25.872955
-45.629314
-57.75451
72.248405
95.90584
-26.399181
-24.271122
-53.066505
18.137922
-53.65629
-10.246965
-40.911423
18.369205
-74.02645
-28.98035
16.596268
25.156784
-92.26035
20.724144
74.992455
-46.169758
-1.1798058
40.800682
41.570583
-8.648465
32.524044
-0.6629988
-112.2047
34.96671
-116.84569
8.788432
12.068945
-45.18267
83.04706
-14.503532
-22.520391
63.926147
-116.505455
47.620373
35.87551
-30.454653
-43.660297
92.73721
-46.713547
-25.691845
-9.811215
-22.468287
50.206635
55.172394
40.54207
0.4873555
42.867096
11.163609
-46.019867
61.908466
-75.48412
-49.824398
29.140806
38.31245
63.710106
-33.69563
20.1277
48.3344
-96.74581
-0.1196633
-20.023031
-54.282104
20.445566
-29.131948
-16.973074
69.051674
28.75707
23.753458
40.171963
32.507042
-47.888313
119.150085
-21.063406
29.899185
48.00271
-28.854292
-18.699974
86.810074
-105.75607
46.54633
-89.725296
-40.489746
46.374844
-16.102833
58.400574
11.750477
157.56104
-8.401545
-16.67743
-24.318241
89.58226
-143.096
-2.194069
-6.210307
90.9667
-16.267656
37.78591
19.0872
-45.103973
-12.3656025
29.479471
8.704228
-52.193172
19.948334
33.657516
53.950256
-57.080738
-43.95954
24.967241
-18.728579
-10.444712
-9.126568
-63.52179
-32.057594
-32.135475
141.21764
-11.81649
-155.95773
64.82624
0.19438808
-65.16907
82.67328
-41.858433
25.58118
57.28665
17.036991
26.509327
-20.664314
-53.242672
33.464
-39.877197
-31.527672
-21.872913
-22.250443
-34.2727
-31.883472
54.787575
-23.34557
37.943726
-57.659664
31.276241
37.015144
-101.44921
32.37803
31.773985
-36.2654
-70.372345
-3.359198
-10.133471
-5.8688297
-51.15857
-28.08605
-9.841692
19.559912
-9.130391
38.69462
48.991764
-19.203259
52.315853
-72.48987
78.673294
-87.17821
-32.92158
45.13495
26.58254
-37.540783
-73.5879
0.42839506
-49.297104
1.6661804
14.665181
10.884494
-21.717035
42.819923
1.9134725
12.000788
33.62251
67.44211
-51.059727
23.009438
-36.07074
27.090746
29.093235
5.565156
-42.83825
23.844164
-2.4893122
-10.509548
62.43205
-90.93874
42.87457
39.695755
57.259926
-43.10074
26.36498
20.222588
-61.023876
2.230307
83.65598
-51.892265
-2.3824232
-53.194824
-34.172432
5.5900984
-21.05454
-38.338352
110.55339
-4.5052824
63.057655
47.30741
-25.321478
-22.382692
-44.54123
58.321564
-73.36142
-58.111336
34.35947
7.2139072
-69.64837
-3.5672739
-5.436504
50.28316
-97.0398
7.4107456
76.9724
-6.0292587
36.03314
-27.697884
-43.917953
25.136843
16.230467
57.270535
14.048511
-25.128017
-50.575344
-6.620405
-6.8485065
33.189808
13.035355
-34.278526
-47.48891
-48.841652
-49.6474
48.180714
57.522095
36.56766
6.2696533
-146.01654
16.528824
7.9240575
63.851242
-24.005144
41.56746
59.167442
-56.61746
-63.502117
66.41119
-69.2193
55.172413
24.759237
-39.07668
59.11533
-86.421555
33.7738
-10.622586
-5.9037833
39.848686
99.4511
-43.36554
-38.174072
70.438644
65.92242
10.041473
-101.07694
-12.188919
97.240295
-18.254396
0.4385686
27.547112
128.43472
18.254478
-18.672277
63.032707
6.2901707
10.362619
-21.31278
-34.836143
-2.9079688
46.819702
10.888969
-6.8120365
-33.18167
37.427143
-4.5562243
75.065636
15.989461
-44.098213
41.249245
19.63162
10.848986
-2.8897598
-30.811453
51.088345
16.843801
-3.8990521
-8.440503
23.51258
12.0882435
-110.170265
-12.5753765
35.204742
-5.7985215
68.925705
-101.79906
42.006546
-40.146717
-130.05916
36.937325
-58.03742
56.081623
52.92647
-12.791757
-31.654922
-31.121973
-30.432602
23.85047
34.492683
42.208626
-6.449655
5.8217244
-28.991274
-20.795586
-1.0740687
8.520504
58.784782
-91.528076
-9.698419
83.48529
40.9256
-60.138718
-9.205311
3.9430435
-69.95901
-32.07878
-31.674604
21.506866
42.12888
-72.947624
55.9639
32.999046
26.825953
-34.687336
-71.14876
-34.90738
-25.594582
-52.535954
-9.863129
-78.16377
12.169054
-1.3653697
-50.7718
-14.182424
11.923496
-24.000021
-15.3180895
25.738499
-18.856909
-11.504805
-24.023521
8.357901
-1.4949048
-55.8253
92.88235
34.92807
-29.740223
41.014107
48.67309
-43.979507
12.679672
54.91104
-41.095406
0.82031643
-3.6789045
18.447884
-92.32694
39.135963
77.613686
46.330925
-32.236816
31.670647
-42.495567
-96.026436
-23.065603
29.786797
-51.276493
18.28733
3.1364334
-18.135292
-76.32057
20.958992
-25.833488
-15.661487
-11.466286
61.333477
-21.203493
0.6550818
78.24759
-46.0398
51.945103
-120.91656
-16.752453
12.338536
18.803062
-90.0827
-32.354637
79.92806
18.985897
-22.2771
88.70053
-3.3340423
0.4471596
55.64445
-36.801434
-69.94255
131.21393
-39.227554
-33.79875
20.71568
-33.844757
50.981377
41.471703
-81.03204
42.655266
72.47563
-7.2503934
-35.03868
8.636551
-29.99175
-75.53181
13.239316
-9.968255
49.826206
-43.638634
27.420021
-33.79531
21.310335
25.6289
15.809724
-43.613396
4.438898
-134.77502
26.97311
27.61871
-54.94064
65.70632
-0.9996448
85.116615
-68.782265
26.159624
17.1491
-68.19075
68.23813
46.140945
-84.51568
