-41.243618
-1.6158823
3.7316105
22.925829
37.519905
-59.408638
33.992966
-65.15044
-42.216328
113.7753
-41.056583
54.643272
38.052364
28.051428
7.7085505
-92.498344
25.923409
50.108665
1.156246
-20.663746
16.581352
17.797394
49.253372
10.387399
-77.21264
49.25702
6.2133665
7.9389334
9.350584
34.33362
-29.834242
24.157412
-44.195454
13.2021885
11.164246
-0.8081206
65.02578
-38.18851
-43.452286
44.267086
-35.020397
33.25539
24.019457
-11.350301
31.57878
-60.60517
33.25471
-21.206806
-6.570486
-53.35965
60.36792
44.961185
-79.201454
-44.623993
79.279755
24.54436
42.540554
-10.831692
34.844547
41.641743
-0.48146743
-1.6019844
51.54969
-84.61528
-38.609756
13.306672
-22.15934
34.88715
-38.052296
-25.060658
43.664005
17.039814
30.638086
-15.754708
-38.34326
-66.99111
-54.427254
-11.855374
-15.866425
-29.614353
32.530853
-9.051206
14.448361
-61.426266
42.75564
-22.797878
-3.5877123
-43.996998
25.542473
114.26916
-2.5115712
-20.09592
-7.8245797
23.06408
-13.084204
25.040915
11.743035
-12.877301
-33.344883
31.22538
-0.5810565
-43.911728
-33.407642
43.227684
2.741959
-24.657091
3.3138902
14.007558
33.12962
-11.119158
8.216924
4.010432
-120.03831
8.887865
26.152424
-20.276316
95.45845
17.744976
-31.966873
-24.097929
-26.486883
-78.48629
32.884315
10.449863
-4.460346
-51.747917
23.11285
27.309042
24.319921
32.882984
-37.386963
-42.785526
57.3517
11.325432
-71.264206
-9.235122
39.70062
-52.99445
7.654375
39.00773
6.2912397
98.24672
-25.277603
11.805492
61.30712
-56.381237
83.00528
-22.391935
-11.732708
16.863811
8.876112
-55.91002
-32.596275
-5.7267213
-74.624535
-25.301691
-41.387245
-16.589834
32.24558
-90.01548
70.24081
-9.998171
-13.114739
13.908543
-38.03413
58.50471
58.50832
-9.814832
-1.2247822
-42.084637
-49.317154
-4.930247
-51.898945
67.87914
-25.389109
55.30158
74.56194
-40.562088
-51.31053
-31.051003
41.26836
-36.098305
-17.998743
-43.481773
60.190742
-35.440735
-1.3815732
-75.641365
33.918606
33.199238
-64.33067
23.321844
40.994705
33.641003
26.33796
-80.28806
0.54191434
10.590334
4.65094
-78.59725
40.392662
31.215883
25.709997
6.5391893
-20.278708
-17.417107
-88.024704
103.71798
-49.86388
-1.5851333
-10.03832
-44.375935
9.440044
33.02368
36.894
26.600842
13.91338
-0.570888
-51.993988
14.505981
72.00118
16.834694
39.808556
-44.413662
22.00375
15.810312
-26.529442
7.509684
23.26186
-4.679754
0.018313356
-66.477104
28.94427
-39.283512
52.89839
1.8018092
-5.8747387
61.097504
-87.70449
-44.398903
19.012012
-3.1388977
61.573204
-61.740536
9.114513
26.412231
-0.022676382
12.303466
69.54657
-11.220602
31.026415
38.686363
19.815239
16.293211
-1.5761702
-7.9689326
16.106035
-62.73063
41.40877
22.870003
63.215343
9.151133
81.15024
-11.095692
4.6334333
0.99966425
8.546686
0.4517411
-65.909805
2.6379304
15.252736
47.001904
-50.30425
-45.644787
27.032902
29.003809
27.110268
-49.00816
38.960785
-61.73266
17.118923
36.5439
-31.02929
14.802809
-24.97717
-40.347137
23.885395
13.855914
-13.636511
-29.82217
19.904736
-35.744976
20.032146
-34.991478
51.072124
62.56443
35.23311
-62.967392
36.85465
-60.196518
27.959974
42.158005
60.226597
-7.868308
59.91911
-70.25904
55.309505
-10.13133
-36.75649
-15.192261
7.2552495
-32.04693
-39.124542
-62.33616
-3.12067
13.166409
26.137033
-25.95488
9.2692585
-49.208096
33.50744
20.327345
6.7019277
3.991823
28.87734
-79.06883
-7.2288885
15.8456545
-46.38927
9.025181
-2.3441513
13.338764
4.113258
30.002762
35.9748
-10.932519
48.22992
-78.713554
-3.236774
14.323525
-49.752357
-33.359695
-35.04701
-102.2516
44.29581
72.29109
3.732887
53.289764
-75.13537
15.953039
42.767696
-40.019142
19.555841
-75.243095
52.80326
-14.911951
48.497948
-23.407486
14.709118
-71.446045
10.638163
-1.616632
52.708057
-14.152158
-44.39499
7.9369516
-0.3144007
22.583551
-5.0746384
8.951642
19.25712
8.1828
25.039095
-7.184519
-27.779877
57.718296
55.408222
-25.144747
-2.5480497
-22.906084
47.71389
-9.054165
32.56562
23.505291
-2.4820352
23.77566
-31.009342
10.676108
26.793306
-62.446507
19.27264
56.21498
-25.07969
22.659557
-50.54895
27.990799
-1.7857639
-55.427208
3.1700835
-87.38454
-11.086182
77.00023
-5.6861615
68.421005
11.6566305
53.851505
68.59824
-22.386894
-65.324036
-6.2592773
3.1956322
5.4173737
26.853687
82.01109
-11.908708
-47.196022
76.2688
13.004663
78.13429
-32.19006
-11.915245
13.9873705
5.5570807
-9.2006035
5.752836
-59.03646
-26.56232
-26.17385
-7.3087273
13.476868
-5.7222424
15.31884
-96.1675
-3.412009
8.805721
-21.93661
-7.24806
-13.097486
21.845356
-24.556541
-15.995319
0.4829481
17.19941
-56.79045
-17.822977
-67.62345
-2.0472183
-5.849257
-56.93214
-117.77229
-34.264637
23.694204
43.079243
28.530092
2.1011517
19.846558
21.88192
32.326748
-19.164919
9.683121
18.872686
-2.80735
55.42368
-44.821724
15.438167
-52.24072
-100.20649
21.451855
-5.996368
-37.747643
-37.215794
9.270538
2.8582873
46.204357
-67.43888
-8.446953
52.420643
-50.754807
32.834183
-24.461807
-6.2598224
-12.115724
-20.273857
-8.442879
-31.831434
-23.493938
-43.041775
52.541195
-12.059853
27.150864
42.586422
-19.176777
-13.638747
-17.486622
10.3242855
10.6136265
65.04972
15.165882
-87.67613
-25.607758
-7.2258472
27.319046
12.118999
-38.23683
33.510536
20.523476
23.500393
21.247086
52.906742
-36.186787
16.73845
19.677708
80.31039
-8.291289
30.750309
-77.9672
-42.903736
-25.199808
-22.15981
62.164906
-55.39802
-5.6960387
42.515438
-50.02257
67.072914
-29.58365
11.357636
63.552544
-69.16134
131.58311
-51.642498
-11.366187
53.255302
33.22544
-88.81978
15.009899
12.225475
42.62745
-35.535458
0.77134347
-47.359383
75.96428
-2.4455845
-52.902786
31.041777
-19.564064
5.2841034
15.151543
92.90677
18.06276
-37.442245
-0.7790406
36.508007
-27.588182
44.76801
54.94406
-22.964043
-34.11828
-6.3907228
-48.21518
52.483433
33.44753
-0.98175997
48.518333
11.426096
66.069435
-111.13875
-2.4443533
84.747604
-65.02933
15.150421
-41.961433
-22.447693
-46.66115
55.52521
-88.432655
4.9002914
-32.85501
29.80556
-3.4541013
-17.808044
-0.25836366
9.074044
56.07333
-3.70771
-20.016994
31.244015
-22.4088
3.6636162
-80.93171
13.463624
-1.3379751
18.593763
34.28991
-84.015755
51.89068
-34.78562
-59.55693
101.263176
-31.422678
77.33932
-40.702003
-48.28418
22.55147
-2.635331
16.768806
-17.098274
26.052193
7.3290963
-44.01953
63.141003
-29.782824
-26.957888
-22.383675
-49.172264
24.106525
28.109552
-103.31464
34.513874
-25.237125
-60.105797
75.714096
31.363111
-66.4633
31.571697
18.839573
-36.327187
-14.309277
-2.1649466
10.044184
-19.998272
4.840542
-0.9091815
-0.9751843
56.989452
7.5278077
23.480015
-5.3246813
18.451519
64.16509
10.247812
-12.228701
38.168423
68.61208
-11.068867
74.958725
-64.836266
-47.425873
24.20441
-12.92484
-11.784917
29.569622
72.805595
-14.027477
33.76037
-71.64314
20.572329
-36.64173
-18.234917
71.42687
22.465668
-12.855214
-6.0455074
-39.70285
-26.693377
-19.710678
34.91199
6.273518
-8.07341
-41.463284
-22.365105
3.069543
59.978275
3.9799442
-20.132732
-27.43351
25.98853
47.5805
68.68783
-14.813828
-23.580442
-14.545114
3.8730214
-6.2324786
27.69284
13.762932
16.064287
-63.579247
66.91697
-10.308027
10.984704
15.660279
6.6322155
-45.012253
9.651588
63.334564
-35.75679
67.10842
-8.727336
-16.736622
29.958918
32.17844
-30.706816
45.7044
39.713192
28.055777
9.492912
23.553904
-88.75159
97.5098
-57.476177
-30.839382
1.0688698
27.874517
-5.616595
-67.973755
33.19534
-25.11574
-31.463861
46.593487
100.07585
-45.098015
-48.869476
-15.04569
-22.89087
9.576809
7.220524
-25.456268
-1.4655427
50.121365
-1.3900188
-10.87232
33.892193
12.128139
33.64006
5.714595
-5.7320065
48.983994
6.7779045
-32.5872
-1.0594357
-42.93074
-53.034946
-10.430502
4.7659287
40.998318
18.04601
-24.876362
-0.9663292
-3.1747396
0.539302
-23.882978
33.805115
-25.08565
47.34501
-39.946674
5.396769
-31.532635
24.821337
-62.22147
-27.500458
-15.656835
-82.13736
-8.182727
-8.472933
17.231895
-43.49051
5.896339
-10.9468355
-79.878815
-43.346638
65.68816
-2.1126153
8.364822
-23.253492
62.63383
-18.44443
-33.365955
15.129716
-35.378494
7.730854
-3.2540839
-2.2690692
-59.628674
-7.2090635
14.909642
77.91492
-15.641653
25.144842
12.568095
-31.393524
7.546376
-14.315867
51.342636
0.14018479
-12.575046
4.8683963
-25.145094
24.225307
30.481487
-78.49469
-0.4538764
-7.499399
-8.204079
-1.0751802
34.72244
38.15855
12.207489
27.500965
-59.544582
19.34282
-15.733535
-32.50918
-5.018682
54.646618
-58.8672
-6.4553022
48.251583
-19.68975
-45.7529
72.051544
-10.870608
93.48721
-33.796085
-0.56648606
10.411443
17.371994
58.722786
-16.875292
8.036738
-32.77907
-4.3979354
44.140934
39.845734
28.997097
-20.484074
-9.730741
-18.495317
32.119793
-7.353069
9.681427
16.042616
28.946981
-5.6465425
19.985077
-20.951784
59.717743
-10.254143
-2.4716341
-43.18145
10.073366
-1.2605554
5.651536
-14.21802
-34.66117
47.13538
-1.5481977
-19.28825
-47.39429
35.751217
15.870481
-68.46297
-5.7933393
13.680676
-4.5590987
56.341873
63.546387
-31.524738
50.212605
-13.908658
-82.27132
24.706665
-15.117204
-16.539267
-5.273133
-7.2461715
-18.437765
32.886856
-48.903137
3.8884432
4.2410483
-49.732975
5.0459285
-12.426676
8.086387
-52.437378
7.699919
-39.150272
39.46568
5.7233834
-9.511324
5.0182047
-8.671441
16.958248
-42.65815
23.18398
-24.759834
29.41315
-23.950531
-91.735466
8.058788
-14.167358
-28.120577
-9.258626
-14.064275
1.3509002
53.301067
64.00668
55.009235
-47.8327
106.43402
-26.23703
34.970844
-9.967214
-48.483696
-84.24975
40.265022
-12.253393
17.16387
-48.292416
10.310409
11.118935
3.5011127
10.859607
27.470463
-94.513214
50.947918
-53.036007
39.00996
28.887848
3.2753146
-68.23964
50.066044
-3.5428758
42.353832
-41.960564
3.3146734
9.344646
-8.665597
69.72549
-75.12212
-9.881767
-5.250623
28.647314
30.157606
-4.166212
-11.126665
24.01367
47.92385
5.958946
-49.979874
21.585573
65.796036
-48.554592
-0.84333795
2.9867733
-5.3090343
-15.9595
-9.397308
37.035385
-3.9497745
4.502743
1.6629311
-51.902298
73.7656
-17.539103
6.5287275
79.939415
12.805327
-83.02509
-85.4773
-74.43396
-22.130894
-38.00042
-45.94642
-24.002256
-17.34854
-35.11582
94.101295
26.687992
76.23632
-76.52354
-11.63663
26.049742
-35.07216
19.296558
52.61398
-51.796616
66.525475
-67.27108
27.387192
21.52399
-56.92391
14.934748
18.488165
10.902383
2.3187258
-23.669079
-36.446735
33.910435
-11.43511
85.80295
-79.62567
37.588066
54.262516
-24.774212
11.182687
-59.163116
-12.807729
19.624327
17.908361
-21.34341
-101.42226
55.386093
53.674366
-13.990831
-33.322464
10.349163
10.167514
-40.181015
-21.502798
-14.5909815
41.206707
-7.3713374
-34.62474
-21.828945
66.67282
31.233772
-34.17764
6.420532
4.0788674
-1.58965
-10.062902
44.70677
2.6052234
37.760925
33.414455
49.643505
18.79085
-9.658036
1.4154413
-24.510914
22.4003
6.4065447
-12.041562
33.29135
-15.095283
-91.12239
1.922767
58.54721
-22.703974
46.757225
7.352696
40.305283
-19.908453
19.90326
32.97069
35.448376
13.002507
-51.0599
35.174023
-20.80276
-37.13071
80.23109
-28.135563
-21.664404
-22.865135
28.860453
-8.258947
2.4243772
48.442577
40.30952
-30.672619
27.258562
-11.779079
56.34857
61.095303
-72.40335
-7.5399976
44.397724
17.008038
8.006655
-37.28128
-2.2257547
-0.7175394
-10.201623
-14.77922
32.37361
-25.6883
10.944142
-20.522285
6.576218
32.2668
-20.699366
-5.102068
-8.97729
107.0751
-76.02769
42.875824
-11.721086
13.698587
8.730461
33.888187
-15.525148
119.93357
-40.933605
-17.312761
21.440964
-3.9909036
-27.300243
49.562378
-20.025452
14.119408
14.758095
-62.085102
27.26214
-18.527771
-46.731712
58.450542
-16.289385
9.624164
-81.32471
63.577515
-7.824491
21.672483
49.697693
-49.189014
78.989746
-70.76062
26.543964
22.298733
51.824013
-57.33371
-11.893659
39.83461
-55.67131
33.224277
-14.073706
-12.38717
14.5837755
-36.04259
-10.0861435
-4.6472664
-24.057081
-34.93128
-3.90156
7.3972664
-13.449195
9.188756
-6.670237
-8.337222
-24.385965
28.744118
21.246048
-72.98502
-10.406802
16.736073
6.2441897
19.653105
-81.216255
-18.205639
39.13221
-51.1056
-5.8414598
-27.577597
-32.548687
50.58201
-82.99797
-79.877594
-2.166511
0.46898213
-50.017704
13.417334
72.42887
46.335747
38.406876
-22.410109
24.949692
11.434549
-35.578526
-20.403938
33.332207
14.99295
-53.550434
24.18042
-21.304167
19.080746
-26.621128
87.21729
5.0063972
21.492292
-14.336814
-4.7803297
47.290737
-23.54004
-2.255411
13.937647
17.647654
-2.927251
-8.506362
-24.630907
-11.186926
-0.6465106
-5.9344597
-4.052182
18.173597
-6.406512
40.584213
40.200035
-86.43225
38.42105
5.3774033
35.556458
38.30872
88.486786
-9.856509
-24.299023
8.347933
-20.286955
37.77969
-70.54835
-8.988723
31.856478
-21.867
-43.43605
63.912582
8.473249
41.289207
38.004116
38.025673
15.048424
43.965355
-5.1490483
89.95627
57.162766
-5.0903788
53.704514
-28.654928
-56.41988
-46.72212
44.592922
-22.635191
27.252874
42.620987
-2.688245
3.8722415
-37.809555
-32.632366
38.142002
8.238343
37.998413
39.000244
-62.267246
-11.019842
-16.443844
2.6197197
57.885063
14.43477
22.84102
23.289122
52.047165
3.216225
-18.554602
-5.7363706
46.68771
25.12844
-36.887417
15.870136
-22.848545
26.62147
16.354963
-12.483786
-13.224053
-41.999977
39.981873
-5.8234253
-21.24651
-58.45652
-34.718597
20.443872
57.77419
41.208115
-11.096019
32.7057
29.511133
-29.407125
-27.4404
52.19977
6.7896924
-80.63063
-15.434456
8.046697
-43.041553
-43.072765
-69.103455
-54.66507
-9.898374
-27.742746
-21.476633
-4.515981
-81.55598
37.684036
56.60231
35.14109
-79.625465
43.39821
-66.84014
-0.68780905
-26.159966
-8.786877
0.6533767
51.272682
-0.38136345
16.263414
-45.58171
32.251656
-25.086803
61.77354
58.474033
29.92054
-68.4959
-14.502381
33.33367
11.710341
-28.39106
-23.374666
10.817158
-4.052121
-13.805698
16.671162
-15.100704
94.53915
-77.82834
-30.38951
11.926637
23.15918
-33.962543
-4.5778227
52.94564
-6.3775864
42.13031
3.8480196
-60.701797
-51.241047
-44.087204
8.536135
-31.544487
-41.79439
-2.5273857
16.946548
-35.24847
-21.636702
25.995317
-23.350761
71.84485
23.825022
-37.62759
13.5268345
18.211815
29.874416
30.417992
-38.29867
3.4310954
14.8947735
33.143284
-9.769884
-34.1676
14.613076
-23.775536
51.819347
14.547168
29.39081
8.211677
32.737118
10.617295
-50.569492
23.139908
-12.244084
7.2991624
8.29804
-2.4761977
-4.785274
-35.717106
4.804123
-15.094451
-39.78146
-3.0396752
-87.4955
22.369526
-5.4478827
36.628296
-42.765747
-15.615698
-3.4720647
-40.330757
-21.967278
3.9394717
-27.041954
-6.5642557
14.469855
19.488726
-57.558754
19.017052
-82.22701
4.4914837
28.043316
13.639465
47.368538
-24.897173
36.78188
52.25921
13.589671
43.38326
1.1336519
64.43626
16.89929
28.871822
-57.11811
-8.924472
-15.113459
4.9270945
25.519115
-76.58547
44.84401
-13.840738
-64.71695
4.737103
-6.3806734
-37.266693
-31.077093
42.389267
-22.650827
5.8881183
-27.722406
26.195122
-41.02729
-22.288288
-42.32614
33.584427
-48.565453
23.879814
39.498684
-5.8383307
65.11746
-50.550377
7.050963
-45.622837
19.40922
-6.5198493
-17.452877
-1.5189276
-18.325962
89.63697
9.718203
-11.552596
38.920937
-53.04943
-15.937297
44.562836
-19.512615
27.565718
20.311792
87.92251
-28.508976
50.40462
-12.433156
38.912968
-58.676613
24.143236
40.171497
-0.6129309
38.814445
43.99519
-5.9426093
-51.245697
-55.770473
40.377872
-77.55461
-26.245844
-29.483711
35.055645
-1.4865379
48.037304
26.08792
-43.66246
94.46218
-62.23239
41.025383
40.251125
-30.417416
21.626547
33.583393
17.473394
30.260706
-49.0546
52.744114
12.610133
-42.215466
28.183619
56.466373
3.2701848
12.134691
43.096016
-81.09165
-55.504673
-18.163973
-36.83672
-31.056791
42.529858
29.794008
-28.567
79.42577
-76.06608
-39.003147
-3.8312519
-4.002053
24.411123
-15.821596
-83.10537
61.90895
10.743225
-6.2784
1.826188
33.800747
-26.996925
-48.263706
-33.81851
4.757336
-12.012348
-12.066653
60.750122
8.563052
-11.314699
-5.3756485
42.730816
-6.4589634
-91.52585
-49.193428
43.538815
30.245745
-5.2500806
-20.178362
42.766087
-68.01679
-21.138529
-28.359285
-11.232722
-4.6397395
4.5728035
-35.062153
-1.0370158
-38.795082
27.879791
-36.529167
1.1856154
23.902306
-39.739674
6.4083033
-5.7630916
3.1752832
-22.997248
62.99414
-9.272522
-0.9133881
-69.48542
23.571217
5.792133
67.68678
12.668179
27.968307
-11.558771
32.425934
41.413208
-36.202904
-19.952246
44.404594
-14.561839
66.33836
10.014256
-2.3597307
-17.051992
-13.337134
11.093993
-32.190155
-26.642128
0.0015540831
-44.2011
-4.9971952
20.186178
5.27835
34.898716
-55.615265
38.53447
23.935936
-12.027554
-7.8437037
-33.96603
-31.022114
-33.61814
-82.95663
2.102771
27.543036
-40.145943
12.700065
29.419762
-34.91094
85.11786
-55.209415
139.06517
-15.3239
47.577766
-8.1803875
-49.20214
36.074112
-35.00186
0.75335014
12.755565
24.473879
-7.1652875
-36.151337
42.836998
-23.526598
-5.368245
-23.91852
-21.282608
7.5580974
-7.324782
-22.241173
-33.180614
27.14073
-3.3012254
-3.9625015
48.594547
37.708675
-54.87295
-12.506765
2.8414218
48.58339
47.31922
12.000312
1.993699
-25.434244
2.6318228
-5.5903373
-20.84126
37.671204
-2.3466709
57.775085
-40.69029
12.948774
46.467815
-8.224487
-41.62052
-42.913544
-2.1692438
3.057411
-2.9944897
13.061719
-20.782276
24.763897
3.014172
-27.24659
58.495327
55.030323
84.894585
-10.379599
-25.142273
52.814686
0.30626687
-53.272053
20.673761
-29.230139
0.15462312
-54.241913
-9.159698
-46.344322
17.884811
0.108462535
-36.03134
-62.602707
-2.7196147
-27.61818
-36.660526
19.279266
31.685972
-38.306576
28.381887
-19.122353
47.283386
4.626834
50.12254
27.61633
42.59287
23.22824
31.65442
3.1370273
-51.665524
42.14276
17.80565
36.543037
-24.295473
-8.014482
23.09283
-52.540794
31.74229
-40.71061
-51.656624
37.601784
-3.0719585
4.3933306
-32.993557
-65.03621
-11.750905
-9.467172
62.57065
-38.95985
33.836517
-14.085657
-15.995187
8.578589
-14.326624
-11.852371
17.696875
9.693455
26.165485
-7.6327047
-30.74075
0.12338342
40.046104
21.760847
4.2804174
12.996818
13.774272
-72.70761
-33.460983
50.135517
24.261944
-17.49891
-1.9912314
13.595484
22.227858
-24.227095
37.4351
58.29525
0.43019223
-20.747242
25.672256
15.718694
-4.631445
-62.471336
78.546844
-50.662315
51.36595
-8.258914
20.243305
-14.140181
-46.684757
8.496346
-31.150017
-12.781054
-63.48524
36.837265
-32.645565
-59.314724
-66.070175
-18.24568
48.309364
-16.487164
-54.922466
24.276852
-24.150623
25.695097
-40.03594
0.45394826
37.69935
-52.50368
116.36321
-54.922115
0.5648963
-23.408152
-6.0632563
9.533979
73.87773
-8.605709
-38.54431
3.3290434
-36.33053
7.053759
-57.806812
75.90932
1.8246582
-91.59991
-23.538933
-20.84443
-15.180527
-20.549896
-4.974687
-58.716587
11.685753
-19.09641
71.37154
-16.309319
3.3557885
10.356255
17.665749
5.138947
30.680058
-64.0642
-21.4793
-24.22743
-28.966528
-7.936634
-45.341442
-27.434233
-22.208668
-29.874254
-34.165443
-3.2630033
-5.6285524
23.050644
-4.335428
-20.230307
-38.69712
26.654202
48.253838
-15.613795
-30.233124
96.04228
27.80366
23.370535
-62.858986
22.038754
32.502422
67.50671
-20.512585
-46.045696
74.025085
-31.845058
-18.177692
4.135483
-66.38567
-46.033775
-16.908825
44.392143
-10.728549
50.412857
4.3954
17.058775
-27.74198
16.55984
-65.810814
45.201267
41.9458
70.006996
6.2745724
2.4961696
35.65514
-7.3296456
-28.53371
-70.624985
81.35224
71.46806
2.7823703
-10.7644205
-1.8879145
28.183134
-43.121063
6.0162697
1.7022624
-59.994392
-2.88839
-19.346628
41.076622
19.793533
-42.617393
30.766148
-29.409533
69.64504
14.801643
-46.423542
15.830232
1.6592166
-49.052284
24.795189
56.140427
-11.41331
14.405521
14.673977
28.382103
-42.228184
56.28139
-59.25931
-35.846165
51.207314
-20.585903
10.931535
3.174137
-73.865845
8.265943
20.930721
-3.3330343
0.6560097
14.92299
-11.112071
-65.91715
40.503918
17.29175
0.5487291
-21.085995
-0.44829202
-90.436745
15.5331
9.092643
19.822386
-35.96071
-51.45473
2.3055618
-10.680514
-7.3951664
-37.49454
8.584804
27.179842
26.961681
25.810795
90.522125
1.4943326
-72.04051
12.482352
5.1615725
-24.647732
-64.527214
-2.974279
-6.1532507
31.251022
-32.731705
22.684395
-16.247244
-7.898349
37.126244
-13.992871
-37.04682
-25.136738
38.006138
-2.0957959
-8.225895
4.447766
4.793717
-50.29698
12.06238
51.624054
44.62907
-8.139593
30.356245
-19.451124
-14.372563
-18.360907
19.772404
24.151419
-15.102875
-12.607611
-37.941063
14.88789
-31.884405
-37.23521
-0.56651163
-31.2157
9.76083
22.84182
42.887825
17.230497
-23.592281
-20.666533
15.47765
-70.86349
-26.692812
22.490604
-23.394527
17.088913
19.506977
-47.33928
-0.67620605
-23.891851
66.916725
13.139786
6.4147205
-10.559706
-4.0263686
-79.32744
7.1359987
-53.411507
47.24274
-66.572876
5.88136
41.884533
-10.972972
17.342512
-26.391848
25.072327
37.7564
4.9607153
4.7207646
-30.036127
49.19423
32.67628
1.0693316
-8.691206
6.121257
17.338375
-24.281279
51.523407
15.85158
-12.940803
-15.624217
-59.712536
42.798428
-0.19513306
-92.65468
123.9422
-71.85171
54.62106
-43.34197
-33.582676
62.58025
8.010224
-12.547009
-21.60413
12.871942
-1.7318664
75.56541
-21.099438
-29.214878
-35.112457
29.500439
5.5533767
-0.789836
10.262923
-54.48308
-55.35876
66.64878
-37.05489
-20.403801
6.956953
47.935802
26.569624
-44.46208
-93.91845
16.806683
-67.96961
13.462848
5.9695783
-11.725105
-30.359425
7.2991385
-50.217896
34.104454
43.65111
-20.393028
7.807638
48.00368
7.7061224
-70.424286
46.68195
-32.21868
-71.17729
40.197445
33.292347
-5.379588
-5.875661
-29.249311
-9.7762
-17.67215
-0.08552587
-1.3313165
-39.24217
-15.518791
-27.82678
-31.631699
-45.14488
-0.71796006
56.70109
34.888054
-17.680803
28.650978
-73.50539
30.461542
-23.859844
-33.82332
-50.5475
39.310345
49.34446
-21.140728
-16.988123
-22.60851
66.4895
-26.88852
53.615883
-71.9504
-5.3057265
14.889409
54.862637
-7.137204
164.4928
-54.09248
5.0777707
56.23332
0.7762847
-13.249538
29.347057
64.17653
38.517647
-20.035583
25.737226
-105.96924
54.671333
33.185577
37.95581
-48.619972
25.499163
53.559235
-28.911074
-56.23452
6.3965545
0.8774549
2.8599608
-19.549192
-19.310978
42.2075
58.014637
-68.662315
-1.4185688
-40.108562
14.80498
54.448338
-39.677364
-1.1940668
-74.49818
18.481962
20.256964
32.505226
-17.022137
14.708272
-7.2786317
-3.1097088
-11.8993435
-7.64276
3.628224
-49.908306
20.510885
40.453457
-14.592683
-6.300615
65.719
-84.35514
11.984615
-26.699709
37.975914
-25.056425
-25.934845
-26.897255
33.183735
15.063559
-7.6609716
-13.171796
-38.67166
-75.576965
-1.8818794
5.384106
14.968082
2.731107
-45.788128
-33.033943
-57.052677
-22.395807
33.28093
25.098534
-2.4103005
-3.2729592
-5.9750714
2.059747
12.670429
-30.265417
11.44903
-40.867767
-10.794207
60.597855
-3.704534
-23.596134
50.104862
89.15153
4.1112657
1.5200448
0.6091056
36.450962
0.978928
-28.90695
-41.998436
41.74655
3.8604755
-14.119071
8.176468
25.616055
8.192192
-27.757116
32.589684
13.3509
-7.358471
22.616251
-42.660908
7.2159543
13.252642
14.924722
87.34001
5.126837
20.695452
42.479767
-10.726622
26.565187
-36.13661
-24.3315
0.62907845
7.0060887
3.543345
-35.465416
-12.365488
33.138443
-14.172665
53.22151
73.95724
54.932415
-28.976027
4.661416
-5.778236
-29.41121
-14.256438
52.045258
-24.976862
33.48516
14.2642565
-35.770367
45.913197
80.7414
-72.573326
11.386012
-54.07455
70.17546
24.999144
-71.538025
28.430964
-40.58913
-27.385706
-31.832537
-65.694664
29.077059
-65.14496
-11.948402
-5.0947666
12.250625
43.849506
18.101181
2.5590017
-1.4721917
3.232851
-37.404594
52.566868
-21.634884
22.611277
38.561565
41.800148
-0.50174904
2.524337
-16.567656
35.001045
3.764047
-14.685056
-19.937414
-30.82196
-40.987778
23.950672
27.431526
-16.829039
-7.5213356
1.8131942
-13.078676
-30.604784
5.268593
40.253128
-3.4712358
2.605545
-5.3525887
0.095675334
-26.655838
-75.36722
-4.4051075
-5.255419
0.5766972
17.321283
13.170954
-43.119965
50.2392
-23.121408
15.781592
-1.3554689
-20.274063
-8.245287
9.000192
-7.887443
25.891449
-5.72819
24.84765
42.661896
-54.240524
89.03183
-17.41899
14.486308
48.17574
-25.78221
-6.038529
2.682896
5.711321
38.369305
-32.464935
-25.408657
-41.61369
47.55941
-19.729357
0.86696976
-4.8082905
-23.651665
41.404266
6.261749
5.443064
-108.32607
-17.458946
28.67704
-49.47648
-39.56032
24.164602
20.379383
44.313595
-27.587421
-20.203753
-27.017752
23.755318
-7.3093414
20.669119
-19.664999
-3.4224513
15.9796715
32.6365
0.18676491
-65.109146
-9.037946
13.488275
44.336506
24.264296
-26.983488
-12.286919
75.88515
-27.433863
34.848858
19.93663
-14.119106
8.798773
-13.150058
21.83204
-11.84153
31.251966
8.3537245
-50.89489
43.601616
-13.923807
-19.817562
-8.790346
7.3097005
-6.410854
5.7068367
17.428719
25.174145
-9.609446
44.53077
-51.35225
32.028584
-4.02003
-33.839275
-18.690577
42.165276
37.825832
-2.1985295
13.378389
-34.183464
74.623146
-91.07015
-25.39575
9.652088
96.12568
40.332798
46.513115
-15.3576975
67.78544
26.35166
39.737022
36.93486
-40.926056
-19.965631
98.573006
3.9121633
6.9739714
53.244225
13.566234
-5.1851435
11.296428
-39.31746
14.248293
91.76088
73.37479
-9.402432
66.19284
-71.25535
35.15362
-12.448467
-27.975313
43.932953
-22.895727
-7.856672
-22.894272
20.26099
10.901137
25.209051
-2.2215564
16.062864
-10.226214
-33.85181
2.1574502
-43.899487
-14.479083
127.821655
20.767485
-90.3314
34.98484
11.140362
-27.35717
5.4934278
-17.042833
33.429646
45.50189
42.654327
29.830475
50.491493
-44.087505
58.775406
3.4616182
-76.58535
28.88822
6.5093384
8.8576565
9.117484
8.835166
-13.85626
2.048997
12.2994175
-9.943544
-81.18118
-39.497265
-61.579865
-35.393475
20.535599
-10.009375
-6.293757
-20.082764
-52.80478
6.584569
25.053593
-17.24675
-51.424442
23.73162
2.5147858
5.0786357
-47.58074
8.478661
-53.128834
7.4837513
47.22652
7.0580263
8.72068
9.035466
-14.317662
-23.018791
23.743061
-68.07488
54.1578
-1.1922367
28.077673
-45.690056
-19.21667
-19.792824
24.129873
31.902
18.887682
-65.60258
-73.339066
-7.4155774
-25.349428
20.246658
-49.364685
36.34136
-57.488903
12.991856
31.677862
-43.41182
-36.560394
39.75076
-20.06019
37.135925
-39.921925
-49.06469
1.9933394
45.117153
-27.10723
-19.124207
-80.87302
53.277386
-13.88502
-35.893837
40.295258
81.206505
58.809105
13.399391
55.07029
-30.186918
-34.038822
-3.5396264
12.413538
61.558704
0.7117185
-16.831738
-38.92152
-1.7848247
89.84229
-8.404906
-105.55874
25.058498
-42.851192
17.104939
35.518814
-17.113897
-36.725266
-33.58436
48.154522
37.24621
-22.569744
12.891323
-19.907404
-26.989042
-5.849828
-66.11967
-5.1113796
16.706253
34.88077
41.451828
4.1274405
-8.732969
28.464964
46.983746
6.492541
36.352802
32.67998
-58.268158
64.76693
-76.48507
-10.797631
-12.377745
-6.6711073
39.703903
10.470085
16.266487
43.970394
6.4575787
33.64305
57.073666
-63.808037
22.275251
9.667826
-67.07826
-2.7227738
-0.7977607
6.6166573
6.4080057
-34.674408
-32.920834
4.1390834
-1.4088902
-21.122705
18.213009
40.62718
-3.0493784
38.108463
-25.618572
35.223255
27.666683
-3.6240761
-0.74684334
-75.32823
3.0193605
49.557293
53.32326
16.8334
10.012782
5.366215
54.85299
18.16969
-10.719796
-19.374123
-46.568184
-14.51992
-4.4536724
64.29367
-36.820866
22.053133
4.4737597
-7.3810863
-51.279736
-49.633045
9.600376
7.193724
12.32848
-41.421085
13.937611
-15.704997
-69.10961
-14.004096
21.309595
49.704018
-6.0833344
-22.744326
47.783146
-65.3725
-17.519415
-43.55149
-36.59179
-42.607624
-18.977947
-56.963657
8.988562
-12.241269
59.287292
37.484642
2.9485195
53.96129
15.778404
-1.1435541
-14.366838
40.046307
-39.07959
-52.146927
24.529987
-47.574898
15.915691
-44.359627
11.565592
-4.6061373
-28.171497
-11.908718
12.592975
35.519684
-5.8845477
20.334595
-8.375798
-21.981216
20.998356
-19.740446
-55.898945
-5.035919
-2.5381448
5.7793417
42.551308
106.19278
-33.13773
17.664028
13.2491455
27.799398
44.325085
-28.837866
34.669777
-18.158684
31.450647
26.390823
-1.7172874
-15.412065
-8.803239
-51.56307
-58.832108
18.61581
13.822817
2.4657779
-19.475348
16.529165
-0.3789415
-3.330796
-9.352772
2.5816417
27.270367
7.540541
34.764114
72.11784
-14.500912
44.069912
91.85241
-45.67421
-0.4074964
-7.686173
-49.139343
34.042362
-30.567234
30.545227
21.064877
-2.4217038
12.492322
4.5561504
-54.091164
30.635786
-51.632004
-3.1663384
54.584503
-14.25579
-9.310448
-6.5075574
-91.37506
2.0515873
18.509323
-20.675743
49.450302
20.433182
-42.771526
29.584824
54.56826
14.169194
-61.767303
35.83548
-44.479847
-26.360317
26.937294
-30.078821
5.1998954
-1.9262426
8.09017
-69.7376
94.01199
-18.696766
38.735645
-24.335394
44.411114
29.907906
26.819557
34.789856
39.309517
-20.890137
4.803384
14.827174
17.50562
11.813736
-80.221466
49.12433
-24.134342
22.864729
-30.322859
-9.963798
-80.83495
-32.1144
8.30873
-14.714852
29.41898
-40.743347
-27.034641
8.242775
86.542534
-72.294014
-2.1444762
-61.96483
69.69885
-32.233273
25.632368
0.94378865
-32.13026
43.751583
47.760685
0.026950557
-21.534405
7.1544776
-43.983395
32.238483
119.01534
-26.95635
-3.1351275
-60.976067
-23.620165
39.92777
-40.609234
35.071747
-18.869524
15.2132435
-11.178033
5.979518
-29.583462
-69.92601
36.037464
-6.5701504
-24.382671
4.570299
-44.175056
-36.16846
2.8655903
-49.128197
6.0424757
-32.602745
-5.1154532
-32.850704
14.796506
-33.747883
60.405758
-68.18914
23.601746
54.77682
16.232792
-20.435822
2.5590873
53.745373
17.569729
59.359123
-8.600267
75.25999
-24.385708
25.72592
-32.166008
-22.001574
6.0648923
-19.534853
47.82959
-65.62868
51.004932
-0.11024119
94.3015
-57.817482
41.276344
-50.332233
-15.568969
-11.7726965
-48.145893
72.21737
-17.746616
-25.390442
-20.535398
62.12647
-17.410378
-106.91029
0.5574944
19.98115
36.198994
11.807604
-15.824713
-24.896233
16.96402
8.1066
-50.686222
11.337716
-0.48026955
28.002928
36.835964
2.321493
-4.542802
20.506882
-12.51681
2.2745755
-34.23197
36.0318
53.692192
-5.9057207
-14.720456
23.366583
-26.17482
23.622112
13.801894
-14.071327
70.52775
-16.605898
-78.574745
-11.295329
-25.704943
21.95384
68.70917
-116.89491
1.9784027
25.607695
-33.72438
19.104923
24.089684
21.720787
48.694492
0.34491816
-3.3362315
7.494383
-40.95811
25.61787
-11.749219
-67.07043
-29.432913
10.535744
24.771793
-0.9657577
12.593036
28.101122
-22.890549
-4.1211557
-9.810106
16.191858
-4.0375175
42.576576
13.878816
54.256016
-19.05322
-34.65919
-30.151716
-15.931133
38.3105
-36.650963
31.993315
-40.095062
-40.504772
-21.085556
36.568565
-46.41742
49.39258
51.939884
-61.51838
-16.913485
-12.566087
55.273632
17.960405
5.2705693
-27.862509
-71.72628
-23.486792
21.00583
58.016457
-29.727606
71.7732
-85.382774
-56.361874
46.489914
-18.690996
76.588524
-64.099174
72.41811
20.4144
-54.279156
34.84567
-24.638285
13.158544
16.54281
-19.505135
-84.46207
-9.803643
17.803581
-6.5882263
41.01041
-28.784428
65.44795
-28.566538
-18.061384
27.111015
-40.429882
-25.7033
-40.28938
-26.619469
7.331143
-14.3798685
51.187702
1.564147
-6.192613
-57.93321
24.902643
-35.512104
31.79942
-4.816867
16.781073
-43.50044
20.67745
25.121635
-30.003939
-20.509592
-9.322211
35.21826
17.389456
7.601284
-56.41022
-34.942043
-68.35602
28.580378
68.85183
-8.662608
-15.295752
-19.00874
-5.415453
-10.755352
38.489456
47.82724
-49.527145
38.787025
-22.779425
-4.628697
42.595955
32.646378
52.534424
-51.614334
61.545147
-59.143726
18.991114
-46.811092
9.425604
-1.3116225
-20.670181
1.2946746
-41.796516
53.503727
-31.88371
70.017876
-25.835005
-15.603236
15.392134
-85.23369
-10.876928
10.0854435
24.19144
-14.148845
-16.896317
23.149275
14.547601
-26.562983
19.258482
12.874199
28.878677
-78.280525
41.483963
-31.12759
-39.665775
-43.92804
-9.774661
-15.905128
78.86474
12.827998
-27.638927
-22.692602
-53.661545
-10.485146
46.247173
4.8622203
-40.694733
-10.521571
39.868046
16.957886
-14.563744
-11.701971
-54.959038
-16.497139
-81.14648
-0.346614
46.476013
31.754066
54.95775
24.117311
-66.24515
23.868895
-29.046396
-10.26805
40.890038
-32.0602
-36.9967
-68.34063
26.769035
9.002659
-9.015683
-9.558775
44.31926
-28.977943
49.141773
-23.500055
-41.80962
34.97544
-103.56248
79.24375
-80.5716
20.263334
12.441251
53.806248
19.348858
-11.629272
-62.52683
17.534615
17.791262
-3.2672892
-8.884241
59.859406
-38.467983
-73.34515
40.39917
40.96294
26.679462
1.2355227
43.855377
8.39689
-49.401558
-16.969286
35.09652
-40.50564
-16.141428
-37.762627
80.69914
-13.883236
-5.8865857
26.521654
-17.473343
20.499662
-31.178816
-70.24739
-35.818195
98.64344
26.55195
46.438602
-3.2475872
-19.68154
14.3132305
-16.30451
13.170434
-27.339336
-18.757572
27.612808
22.56633
22.399057
-25.392998
-69.39417
38.61521
10.169681
-1.3713654
-22.578089
2.0251372
20.055712
-13.94222
-52.485176
-7.3336606
-12.781729
-4.9432664
69.73973
-0.8089995
40.147278
-23.158583
-25.159977
25.97798
-8.14721
23.757814
-28.5411
-10.09531
42.003963
-21.603699
5.3513756
25.645796
2.5528643
10.399395
17.589586
26.318481
-45.68194
-54.440067
-48.10967
-12.882458
19.20584
-1.4602512
84.90753
-55.230045
37.863796
-40.139545
-11.723629
26.056923
-6.299484
-39.606003
70.71859
-50.580616
32.948032
69.522865
35.87102
13.125021
3.6445215
-18.966854
-11.209896
-22.284878
-24.775333
-11.42614
-18.213942
1.2228159
30.441446
19.369701
-106.1201
42.05849
-48.831566
48.500954
107.32872
21.057444
-3.1068609
-86.21404
21.311745
-9.666444
29.038628
12.68612
-6.384132
64.01689
-38.73873
-12.645242
-21.787046
-3.5088754
-8.8372755
15.42192
8.525788
-14.953114
-12.265725
-52.55642
-14.029402
-10.626293
-6.952472
19.1117
22.38821
10.780959
-55.435265
5.6079698
-20.269104
-28.711866
44.001766
-4.040566
16.202991
31.68813
-25.007553
-54.077164
14.807622
0.037206642
35.550285
0.22469378
-24.710905
-43.605064
-33.07638
-60.244488
17.59155
-21.347977
25.42013
-0.8803111
-12.734543
-20.395065
-57.815308
19.459738
60.999672
46.72853
5.4608927
-2.2326145
-19.930939
41.649883
60.220016
-23.160706
-10.766635
52.488564
-16.597635
-11.106468
-79.859955
-72.00857
-3.928406
55.66581
59.271664
-55.92764
0.53004247
13.598337
-24.051256
31.629248
59.547176
-23.902573
-6.291517
-29.159433
20.753036
-34.63965
-61.304485
22.76139
68.94551
-38.208183
0.8133631
78.493706
-29.615635
-23.1559
-49.406765
0.01556525
-33.99767
22.132011
-24.513391
17.552979
15.995498
-20.641396
5.196357
12.8601265
39.7647
-43.046703
-32.650974
47.079433
51.68378
24.49247
-31.300943
2.546063
74.15161
-25.376572
33.84346
-27.782393
-27.654444
-10.732506
23.48644
-44.737514
32.121372
-72.00885
-50.449196
-12.2813
-3.2214146
46.737232
-22.418795
-37.99729
13.015937
-24.65269
29.352274
22.81076
-14.053001
20.879065
-44.645313
64.72737
37.022903
-21.696348
-2.5033662
16.856619
-20.182861
-40.24643
32.541553
7.7959056
40.623524
10.653016
16.228529
-28.337067
-0.11952468
-32.98274
24.087454
4.8068748
-1.0601387
46.046898
-13.656291
-8.791759
14.99997
26.322012
18.675924
6.7307234
14.809359
12.190864
-25.227837
-33.987064
-17.105072
-26.96161
-6.0369883
-39.42677
76.7085
63.066147
39.029823
-78.98525
34.257843
-46.985893
53.720478
68.05384
-45.21336
-25.84186
-6.228378
10.73374
-34.590668
-7.4742727
-22.475754
34.442097
107.676254
-50.407276
28.029493
18.51174
43.242172
-3.532546
21.17192
-59.616135
28.42291
-39.88315
3.2841146
-37.698307
33.24476
33.955162
31.257473
33.5542
-27.953068
-27.717913
-31.468878
28.605463
50.737988
-5.3533163
37.25117
-82.01607
-16.33509
-53.118275
1.1947452
64.45767
14.269108
27.219648
41.440266
13.308635
-71.04597
-21.36531
-21.40205
51.601322
-60.15909
-14.874555
18.971355
-56.97883
7.4767604
12.9942255
18.226316
41.4328
27.236238
24.989267
-26.097029
27.774363
-2.2676823
-50.393913
-19.216156
3.9793313
-17.98933
-42.524242
25.232204
-50.32324
36.54099
-14.45011
55.59872
72.6177
-36.285843
4.2362566
12.851607
0.7546121
26.133278
-4.6098323
54.90748
-14.583609
-44.219746
-46.49563
52.02716
-17.829414
50.983223
6.3922105
-16.195818
42.631973
-69.72228
26.27588
0.5700043
-20.278013
-18.890226
42.532024
-41.846
33.830025
1.361212
-89.70269
23.296127
55.017906
6.501928
68.89094
-38.485634
34.499893
-50.3797
5.1807985
-45.120834
102.83645
83.18781
-22.87378
-25.816462
14.683608
12.748484
-10.942935
96.7162
-17.086369
5.164455
-19.298317
29.854563
-8.345254
-12.024256
-44.09973
-63.984993
36.391834
-36.1483
-69.13492
106.18187
48.128136
-46.553307
-43.918205
5.1728225
-4.0731707
-0.7588028
-55.14879
-29.243332
-44.89663
-3.2558057
-11.984874
10.900377
-13.992556
-8.642291
-21.92486
-37.997116
52.731857
13.178492
-13.114054
-26.64462
-29.145205
-31.965746
-26.62497
10.508682
-40.80138
27.864576
-7.4101806
-48.074684
55.095863
71.743034
-61.264122
-41.554142
-30.973972
-36.673187
142.45485
-55.43282
-11.558829
-37.683876
-48.004463
-65.128624
-51.296318
-3.270338
6.342988
-38.59877
-72.86457
-102.99338
-90.84631
57.30024
50.617756
-41.87002
-82.8489
-11.638113
20.803911
29.467117
-81.116356
0.6400594
-29.674717
-24.235695
4.842871
63.118332
18.182745
-49.762016
-20.474224
58.94011
-68.59991
63.17323
38.142384
-69.07772
65.369934
87.33227
-20.745815
48.82237
-30.21201
-43.87848
38.62653
28.428776
-45.945072
19.858723
-46.458855
-10.47617
-41.29879
3.3465092
-31.902878
-4.035312
6.387012
23.364859
56.171753
12.923579
-18.504599
29.657755
-24.5597
-12.61398
-54.502846
16.669266
6.926007
16.430735
35.543266
-22.840689
-8.229532
41.77217
22.955307
-3.2448914
32.872196
73.337135
3.8914304
37.138573
-50.612114
62.33543
12.742268
51.01329
-9.19411
-9.360967
-2.0908113
31.457659
-6.084588
66.511185
13.515864
-5.502047
70.579
-37.105625
62.2137
16.378729
-15.138313
-20.233904
18.14476
10.208144
-16.300224
12.140574
-25.489792
30.297813
1.1206292
-30.709146
4.376742
-71.87867
-38.455944
38.819344
-40.22582
41.471302
-18.93079
7.101201
-27.786009
54.64822
10.635508
-28.23443
23.731754
68.29123
30.222445
0.7386926
6.8008227
-5.5118437
15.4819355
-32.225563
4.040614
19.804771
-13.138139
-0.5922711
-7.4383907
-22.734352
-12.481281
46.180218
-0.29880667
7.3427253
20.52485
-55.551003
-68.69917
-19.694933
21.82783
-11.16757
24.090351
-32.80032
18.018661
-16.47805
19.198872
55.518524
-10.167737
3.2762012
-3.4413974
-17.384138
17.304558
-25.881971
-93.98355
-11.896565
-18.7273
2.0254607
11.458588
-1.07745
22.59619
-57.286564
-7.934619
28.980757
70.61574
-79.53779
24.215296
59.079517
-44.389034
-38.43826
31.465
26.518946
14.411933
35.88762
-32.782925
84.53581
17.801691
-46.131077
52.46964
-15.652254
-46.888706
9.575505
61.709866
-6.98844
-53.35215
53.00477
-85.097595
-50.727688
-5.6829944
16.704374
22.334469
-40.094032
75.97866
62.6492
-5.854505
6.9905205
-47.83812
27.96443
-35.973938
1.1561179
61.88002
-31.00896
-82.58686
66.96685
6.3789005
-10.232235
-2.5156534
-39.707092
-41.021206
55.10413
-14.99406
16.339657
-29.64943
-0.9338095
-44.64848
61.641415
-29.478638
19.191563
40.21991
97.80455
-47.391945
22.079273
-51.01008
5.085064
26.152628
37.30684
36.99412
-107.70827
-21.583344
-21.929728
57.71432
-60.44484
-16.676243
37.39532
11.360646
34.096527
12.56984
-23.276697
-20.825642
16.65969
40.807087
-48.94453
-16.980173
-28.963057
49.340244
-14.361836
-61.08177
39.424656
-57.39097
50.661522
0.014468826
71.73552
-23.72352
-35.655037
-26.801432
-8.980576
21.163305
25.77981
-26.872553
64.72785
17.838797
33.02403
-60.213223
45.48658
18.648096
-40.67343
-9.871236
-2.9664562
-34.15691
2.9837968
52.171597
53.191998
-57.940792
35.869583
45.912548
-40.939404
-16.49955
15.479672
-6.3869114
33.752266
-14.029806
20.748997
14.5906725
-20.153994
-11.65685
30.064972
-40.757427
11.028212
-73.15909
-23.136806
75.92593
9.187678
76.53305
-3.2925475
-22.439709
-37.66442
120.4247
-19.940042
1.8383118
-10.413385
-38.224327
-25.303244
70.45985
-41.5709
-45.861885
35.452374
18.13679
-27.863546
71.90398
-6.0246897
-4.3130035
5.9441967
-37.127792
44.183846
41.38329
57.501804
17.854654
-3.186639
53.279602
-13.464445
-21.876833
-77.21819
-2.551673
35.32045
-61.509666
-24.666573
-3.4356487
57.498528
-16.538845
5.145719
95.71865
5.8989854
41.169632
-74.901375
27.829496
9.673432
-6.1211624
-20.023798
20.42018
8.987068
-7.2310433
16.961384
29.753283
-89.39626
-18.007772
61.418797
-8.428741
21.596375
20.636724
-27.019768
55.625515
-55.80259
26.498629
12.798847
-81.9389
-2.0194006
16.631096
-42.032722
32.681797
31.556805
-11.015769
-39.21764
-67.196236
-6.4445243
-56.63263
-5.7176833
44.148067
-27.749084
-11.937062
-3.0107286
-15.531496
-35.54228
45.625957
-53.606155
-17.900126
4.3387294
13.191062
-0.6737644
-47.24882
-65.955154
-16.284195
13.018471
-58.44967
-38.047478
34.306923
44.482727
13.271671
-72.33975
-40.83352
4.051495
-9.737722
-24.542414
-15.329993
36.247375
-60.704605
-65.13412
-29.1452
-4.8980145
88.39301
-42.13455
-25.129744
-4.6186285
2.731351
13.678688
-47.29882
8.128073
-26.7046
75.8992
59.563194
-52.00216
-34.43338
9.4650955
4.6574254
-33.98481
28.244255
-58.52425
79.14494
51.679558
3.5066032
-2.6615598
14.108793
17.403967
52.29228
-35.96208
-64.909775
99.93722
-57.80813
42.60071
83.013626
-13.723432
-19.478666
15.704601
27.585539
17.716454
16.269337
14.294065
48.40388
9.560897
26.461582
17.488623
41.600548
-29.055445
49.90627
-0.5512493
9.4853525
63.0113
3.639381
-22.194107
42.294693
-23.531338
7.022726
68.778435
35.998055
71.79132
-57.476715
18.391764
-6.445484
-12.356226
-65.6731
99.90855
4.656516
-23.524078
-44.04746
60.71879
28.42951
56.3824
-24.663046
39.657463
-3.3208559
0.002497267
-10.704775
-61.991043
37.34956
12.589052
-40.322823
6.7283506
18.513895
11.039562
-8.76825
-55.09929
18.2617
-22.222536
8.090918
43.711014
-61.618996
-60.31466
-8.067776
-5.918771
-19.035965
87.71494
0.57295656
-65.60935
36.366898
-39.989433
-30.985922
-57.7116
10.9622345
-4.9235096
-20.15137
-29.754595
-34.65292
36.151085
-36.813416
43.645794
-12.296535
-50.7526
18.671013
-18.40729
6.9455757
-26.222952
62.73221
34.508205
-16.879177
-14.388605
-6.719165
18.442322
-26.834808
-18.045273
15.966752
-16.972271
38.819744
43.09185
-21.35121
-1.812239
27.711008
45.38702
-18.917124
22.769037
-35.81063
-44.042336
-14.946235
-0.3429646
21.85435
-21.710691
-12.403576
15.2973795
-85.55394
47.69139
19.849728
-15.613024
33.9208
-48.302
-2.295292
101.75101
-26.8018
-19.210094
-29.988857
4.72929
31.150824
7.6924653
28.656048
33.234802
-0.16441256
-44.036793
19.630816
-0.8298753
17.219744
-21.16765
107.654396
-71.35715
45.93648
-43.861805
60.65874
49.702885
-40.081284
20.315643
-34.9206
3.5279517
-50.156395
63.312744
-2.0757473
-5.718703
37.68616
-9.986551
-74.709
-15.843433
