0.12275909
-0.13505557
0.0606612
0.15360646
-0.25318372
0.6009903
-0.30664003
0.43841615
-0.032582905
-0.12031135
0.04521579
-0.013706193
-0.29463673
0.183018
-0.25270408
-0.051845983
-0.16276562
-0.03441172
0.6827975
0.003010379
-0.14853162
-0.13191494
-0.20001093
0.40731138
0.47394863
-0.689741
0.14359573
-0.44724962
0.30799133
-0.47867808
-0.028397921
0.005340282
-0.10447276
-0.09458654
-0.24907519
-0.3966822
0.53309506
0.43644494
-0.28771415
0.5327486
-0.069950804
0.17358366
-0.1036496
-0.057857033
-0.15940866
-0.15483768
-0.19276424
-0.27439797
0.29640839
-0.14287636
-0.22529598
-0.20978065
-0.19060685
0.2134373
0.029772414
0.16747051
0.019970465
-0.42948148
-0.31324995
-0.24083547
0.22151434
-0.4330884
0.113918014
-0.23071261
0.007620454
0.5473621
-0.30704162
-0.39521953
0.6329349
-0.44481716
-0.22485498
0.13965468
-0.27500302
0.4101685
-0.04190555
0.01945823
-0.11233045
-0.016757477
0.08567772
0.51119894
0.49725604
-0.36014187
-0.3017626
-0.48930198
0.5562272
-0.07807255
0.09225066
-0.19442728
-0.096098095
-0.3805904
0.5943769
0.042463887
0.16594796
0.40990397
0.2149401
-0.19945805
-0.32828933
0.9952937
-0.19973285
0.11682867
0.01209315
-0.0964282
-0.641895
-0.25597176
-0.021192087
0.37494382
-0.49352467
0.53840035
-0.35804534
0.9513409
0.34206423
-0.5159245
0.2140956
0.73573416
0.22094536
-0.07771642
0.38588712
-0.4963084
0.06593858
0.13099076
-0.091614254
1.084208
-0.15436898
0.45940027
0.030298475
0.45537537
-0.708948
0.27726272
-0.42094684
-0.18447165
-0.026987232
0.25699693
-0.9237836
0.82296544
0.07038112
0.16029476
0.013940724
0.20360893
0.07507755
-0.35287744
0.5762234
-0.5727589
0.44899368
-0.2949385
-0.9920912
0.55981183
-0.4169239
0.6582053
-0.17791303
-0.0899689
0.3480765
-0.1933897
-0.02737957
0.14843944
-0.48786187
0.06033363
-0.30000925
-0.571961
0.03650456
0.67803186
0.5070268
-1.0056663
0.3305683
0.28820106
-0.41110313
0.6235723
-0.12590432
0.29938138
0.018359391
-0.0128902765
0.25741118
0.14940456
-0.7459426
-0.044927116
-0.0695422
-0.042405717
0.1514123
-0.24260044
-0.09852717
-0.3958563
0.32857856
0.09664865
-0.019657122
-0.100212075
-0.29375207
-0.71686536
0.29999775
0.20036708
-0.020810856
-0.07782755
0.40578672
-0.010201464
-0.05100134
0.43534437
-0.2828743
0.10511656
0.17965457
-0.33376315
-0.19668384
0.20527874
-0.19930996
-0.0779198
-0.41841775
0.16873878
-0.051867798
0.22073528
-0.38904762
0.50319827
0.18562062
0.47261545
-0.31052494
-0.018664058
-0.5707844
0.13628231
-0.28039873
-0.054728795
-0.20182233
0.6462669
0.060386837
0.07818718
-0.06922081
0.2621165
0.17706443
-0.24993435
-0.6562599
0.63635516
-0.40972245
0.18716048
0.30317342
-0.9978046
0.25387228
0.13033216
-0.34452602
0.09285538
0.2004605
-0.2485891
0.46258643
0.10682698
0.39933223
-0.3181523
-0.2605245
-0.3415489
0.60785764
0.07302843
-0.12740013
-0.18798944
0.3460168
-0.6617232
-7.40355E-4
-0.10076978
0.074970834
-0.18050657
-0.38470235
-0.11896432
-0.14084631
0.15582566
0.1559435
-0.11503876
-0.11030413
0.47618052
-0.22147898
0.05730191
-0.22897533
-0.038705315
-0.078621864
-0.22168037
0.39619195
-0.032355297
-0.03368106
-0.061572433
0.43165314
-0.48449373
-0.18074551
0.1328208
0.22375244
-0.3937057
0.47565892
0.0963384
0.1483597
0.006731174
-0.33304048
-0.027581934
-0.05589495
-0.1582326
0.5106551
-0.44649422
-0.15925866
0.15634844
0.30967435
-0.2018964
-0.37146723
0.3593983
-0.49809626
1.0616184
-0.3420968
-0.065180376
-0.21790384
-0.009910633
-0.68661207
0.8443122
-0.8227597
0.19184501
-0.17208473
0.66628534
0.23038222
0.124734536
-0.56760794
0.46048206
-0.19511634
0.4730877
-0.47351772
1.0731987
0.15483344
0.06938622
-0.15165044
-0.0321262
0.46522927
0.23813534
-0.16055168
-0.16020225
-0.3368104
0.2640205
0.07684904
-0.34613046
-0.045798883
0.04341096
0.18640465
0.31528562
0.007963996
0.2856092
0.09492056
-0.42341608
-0.0049788933
0.032817237
-0.13844009
0.20468727
0.09232869
0.22038773
-0.42991218
0.0013202096
0.33980438
-0.5101931
0.28797483
0.15419126
0.48475528
-0.6279718
0.56997395
0.37454608
-0.054512914
0.059271242
0.45700896
-0.35518086
-0.92968416
1.0237885
-0.0044260873
0.260052
-0.17034471
-0.47665155
0.3635061
-0.17222424
-0.06260439
0.3609164
0.24233061
-0.857191
0.16388765
0.4283407
-0.8359774
0.0033196462
-0.44581142
0.10753768
-0.14603995
0.3432167
-0.26048294
-0.27402928
-0.10638276
-0.26923382
0.059412096
-0.16976523
0.32944378
-0.703344
0.3263423
-1.0020696
0.47041467
0.30550212
0.050204154
0.08401495
-0.78808874
0.35015425
-0.17277093
0.38532484
0.1633076
-0.57596207
-0.1211594
0.13125622
-0.47281232
0.40875095
-0.20973447
0.08756572
-0.009073515
-0.09153432
-0.61980563
0.047254384
0.6895779
-0.41174477
-0.42972773
0.35579777
0.11181265
-0.6991388
0.42079645
-0.35220075
0.062756725
-0.4889363
-0.29231182
-0.20283443
0.44689545
0.2073732
0.55612326
-0.5026894
-0.42138988
-0.21120678
0.67237175
0.29595813
-0.19654882
0.040122777
-0.118805155
0.20325956
-0.043981522
0.37475884
-0.0059368615
-0.18038061
0.22020446
-0.092804015
0.3839594
-0.5679512
0.11567907
-0.41326728
0.15284939
0.096245274
0.4637597
0.043572415
-0.2078476
0.36282265
-0.21101674
0.4402569
-0.3940752
1.1981846
-0.2307521
-0.3811385
0.6886595
-0.0020351887
0.38337
-0.015919898
-0.5074837
-0.12944588
-0.48416913
0.44229555
0.12420897
-0.18261302
0.5481922
-0.38842785
0.24535958
0.2605881
-0.107640095
0.18091273
0.52026474
-0.4827603
0.5710389
-0.66191846
0.52881175
0.07307789
-0.20069227
0.2570274
-0.27410126
-0.038834088
0.030868413
-0.0250941
-0.34883398
0.43844947
-0.5416731
0.037110627
0.0627107
-0.09381305
0.14784226
0.2331997
-0.41833323
-0.4741292
0.47503093
-0.50916594
0.61467165
-0.39834285
-0.29433456
0.015682178
-0.23917276
0.29432222
-0.044455368
-0.20830438
0.3729203
-0.2119753
0.67388237
0.22388493
-0.14114107
0.17902672
-0.57661307
0.027117493
0.44901243
-0.39472234
0.32949123
-0.22206342
-0.35939553
-0.014505378
-0.51055485
0.34475705
-0.4793936
0.15144935
-0.028994832
0.05199207
0.31983283
-0.23903991
0.4086522
-0.18556733
-0.28876257
-0.17442565
0.1431894
-0.0056320177
0.018258166
-0.43231523
-0.057919938
-0.10419685
0.26239544
-0.2383936
0.3287909
0.0030495531
-0.20416297
0.041104656
0.07954517
0.36749035
0.11600651
0.4128712
-0.12341096
0.1427718
0.52985895
-0.18387792
0.0958454
-0.053440887
0.10380186
-0.70466095
0.30339822
-0.15848392
0.036686067
-0.20607716
0.66199726
0.072646916
-0.22885385
0.071692005
0.20832297
0.15365724
-0.14263366
0.26194906
0.10534231
0.07873114
-0.28936008
-0.14349484
-0.13261846
-0.27904305
-0.120353736
-0.27567312
0.2477101
-0.128003
-0.39179575
0.39679652
-0.35202754
0.40634733
-0.12568806
0.08727658
-0.22256033
0.6372584
-0.38002342
0.27116406
0.15898223
0.16202794
0.13507542
0.41949582
-0.35834557
-0.44291052
0.36199793
0.35526127
-0.26330072
0.0759412
0.01837329
0.15235041
-0.27610952
0.337976
0.024442375
-0.08697567
-0.014305251
-0.29295966
-0.02956082
0.23114178
-0.40024695
0.082760535
-0.55179685
0.13124532
0.43067232
-0.33964026
-0.027150743
-0.3037051
0.117450684
0.055900265
0.2804878
0.44948724
-0.03692424
0.09378609
0.0801701
-0.056007653
-0.32501173
0.22123976
0.087449014
0.04924278
-0.26466522
-0.15621406
-0.10454055
0.17881238
-0.23135038
0.8441466
-0.5978593
0.23354368
-0.004721089
0.2323368
0.5194763
-0.14435112
0.15291964
0.36630145
-0.25356442
0.10661672
-0.37404555
0.70248395
-0.18906268
0.08989093
0.5777128
-0.8323397
0.19552225
-0.58616257
-0.014364671
-0.60661715
-0.06115736
-0.38942805
0.57809913
0.79652727
-0.5225689
-0.47283044
0.5894283
-0.108364195
-0.39614314
0.13499112
0.13103157
-0.34405658
-0.252417
0.2910024
0.07216579
0.1105297
-0.16720453
0.08834533
-0.029697131
0.04706014
0.3127534
-0.13506965
-0.25291535
0.03715625
-0.09522904
-0.12423213
0.49581185
0.21884252
-0.30924696
-0.0012245754
-0.35332152
0.15088446
-0.41306135
0.10407743
-0.13885494
0.05027366
-0.060145732
-0.23232256
0.18031317
0.26683575
-0.11496582
-0.048089482
-0.7311852
-0.048216473
-0.033463553
-0.22989322
0.387174
-0.82912165
0.06008021
-0.32879075
0.36708552
-0.9571741
0.32584304
-0.42791486
-0.2641815
-0.37298593
-0.07430077
-0.18363261
-0.47761083
0.3257402
0.3920985
-0.22371106
-0.061117496
0.16555254
0.23441297
-0.18190648
-0.25578555
-0.42864928
0.049107302
0.12573558
-0.033875108
-0.2632595
0.46417084
0.38611525
-0.3952358
0.53689164
0.3109452
-0.45635772
-0.025747772
0.21655555
0.006150924
0.16367592
-0.04387455
-0.094031185
0.22358997
-0.42532665
0.479699
-0.23833305
0.15410416
-0.41210818
-0.34706417
0.0408758
0.14252509
0.10764433
0.33365592
-0.45964527
0.13874711
0.5464733
-0.28378817
0.089234546
4.510359E-4
0.16841099
-0.078939475
0.05868169
6.095175E-4
0.20449379
0.39545193
0.50437176
-0.04872806
-7.9168787E-4
0.18790129
0.12714447
-0.31654176
0.30376592
-0.21661304
0.6070604
0.001900363
-0.23157851
0.687226
0.20021659
0.3028672
-0.6421024
0.7800157
-0.09864315
-0.03868561
0.014194229
0.73930174
-0.47008577
0.18392411
0.4998144
-0.267665
0.36758024
-0.028331457
0.29371864
-0.5352224
0.43340772
-0.7616558
0.4823684
-0.22545601
0.3145192
-0.3041456
-0.0075386255
0.33070746
-0.4193992
-0.32802185
0.101070724
-0.05166171
0.2864048
-0.21068427
0.31257522
-0.22552389
-0.14242521
0.23684068
0.20478182
0.21028277
0.18284906
-0.39927006
0.027756864
-0.13849325
0.13044906
-0.14050688
-0.1976701
0.23624167
0.009824999
0.097943015
-0.15217914
-0.10280388
-0.32631817
0.82648104
-0.078055516
-0.10650363
-0.042639155
0.025084825
0.1027062
-0.6290449
0.6734089
0.10354051
-0.1736041
0.48389554
-0.96875715
0.03955018
0.34844202
-0.23638982
-0.36765206
0.383519
0.103414744
0.06162822
-0.08891699
0.032895774
0.41062677
-0.70007014
0.20315553
-0.32025808
0.11736806
-0.5162827
0.14147335
0.002817567
-0.0129491845
0.009291351
0.25547293
-0.12518772
0.33289874
-0.4319152
0.06985564
0.18760012
0.09666955
-0.13547795
-0.09530967
0.43673167
-0.08415956
-0.08730129
-0.26678237
0.10787801
0.07311397
0.09991521
-0.15044312
0.131579
-0.012093248
-0.45608607
0.1373933
0.040840145
-0.14838962
0.32428664
0.032120872
-0.14095218
0.20474704
0.068529636
-0.20513614
0.032930885
-0.0010706433
0.19419111
-0.25754052
-0.31730068
-0.45963952
-0.041477114
-0.14050245
-0.09179696
-0.10733831
0.32599595
-0.04565834
-0.5776062
0.08366041
0.2685334
0.6287935
0.41505888
-0.36811963
0.7836066
-0.26018938
-0.29672417
0.6369461
-0.95513916
-0.06881717
-0.5178855
-0.44738096
-0.027730422
0.3226865
0.4413931
-0.31137103
-0.2177302
0.13182491
-0.15917799
0.034859598
-0.22628492
0.2698279
-0.09259877
-0.24510849
-0.11705509
0.070721954
-0.17553024
0.084992215
0.14021072
0.32850295
-0.31283373
-0.23886918
0.3494767
-0.0045710555
0.34674767
-0.51153815
0.24118683
-0.28193352
0.10669324
0.027100326
0.1436632
-0.091570675
-0.017750397
0.11178041
0.008876832
-0.5182487
0.31185356
0.055484753
-0.1763566
0.32169956
-0.14601173
0.28630406
-0.458094
0.40214577
-0.20582372
0.49582958
-0.12982115
0.36260995
0.024310157
0.107737854
-0.15703136
-0.12680227
0.34489062
-0.0019155181
-0.44943932
0.041666184
-0.6385354
-0.091291584
-0.25946933
0.0597619
-0.38836527
-0.39652908
0.49573234
0.21517624
0.037921313
0.4860102
0.3373436
-0.25578573
-0.32418016
0.5407126
-0.03225752
-0.11873209
-0.20380737
-0.02272731
0.09411513
-0.10439645
0.1287284
-0.16880386
0.37234804
0.1141107
0.08378665
-0.15635034
-0.22242762
-0.26095906
0.6491581
0.019321837
0.3364534
-0.46024966
0.41576
-0.029118737
-0.48572427
0.59330434
-0.43966913
0.12716286
-0.16324724
-0.011413536
-0.085920066
0.26620373
-0.26866582
0.9220466
-0.28944284
-0.15757902
-0.063144915
-0.07679032
-0.025226656
-0.03828977
0.085286625
-0.018717002
-0.10577143
-0.35817382
0.11482802
-0.26031753
0.3122681
-0.20002976
0.22288889
0.08625838
0.33727375
-0.44650078
0.24014662
0.11463517
0.034813996
0.076916754
0.07602296
0.06816425
-0.13535917
0.6979021
-0.54903305
-0.13540065
0.244974
0.18730338
-1.1587769
0.55143464
-0.53261036
-0.10145186
-0.044035453
0.2519744
0.22260451
-0.081006385
0.4125691
-0.028213926
0.022540716
-0.011698789
-0.4349575
0.20943442
0.19509554
0.19607253
-0.16283643
-0.2211652
-0.20262542
-0.6012244
0.36258492
0.07472702
0.413032
-0.64186054
0.617938
-0.6421945
0.15982917
0.43090782
-0.14368732
0.39346614
0.022397228
0.3767162
-0.31845206
-0.52656466
-0.030594356
0.034014408
0.2767361
-0.043493662
-0.06948582
-0.074021436
-0.075640865
-0.33527222
0.25970596
0.17900221
-0.021953572
0.05008247
-0.053491738
-0.10311565
-0.57662326
0.3564699
-0.39152908
0.00885157
0.22672708
-0.25100657
0.28044534
-0.24455412
0.03343752
0.2493854
0.066091955
0.34752086
-0.1223301
0.13745569
-0.18425651
-0.06017086
0.2572361
0.1835651
0.16639267
0.41989356
0.21322809
-0.1236011
-0.35402116
0.42305633
-0.45007837
-0.1041201
0.23798336
0.047982696
0.30062565
-0.40645275
0.048839044
-0.26558512
-0.17503811
-0.0685989
0.3623736
-0.005674817
-0.3532592
-0.15737039
-0.16259573
0.061060514
0.0135438945
0.002940674
0.32412446
-0.13584857
-0.19774386
-0.05405549
-0.13660572
-0.1614524
0.4361308
-0.40222776
0.23751454
-0.70650476
0.5768971
-0.8365435
0.21756245
0.13433808
0.0059483917
-0.09061401
0.12496333
0.1324442
-0.29537943
-0.09114945
-0.09282577
0.14886448
0.85071665
-0.06586384
0.24954726
-0.10243875
0.045558244
-0.39141262
-0.27221355
0.37950763
-0.27293158
0.23207018
-0.5058814
0.21928473
-0.37528422
0.15989418
0.16055429
-0.20571494
0.05333812
-0.23789915
0.5041347
-0.6402645
0.115473546
-0.28693396
0.29465717
-0.50847197
-0.01916836
0.2550064
-0.18817182
0.120041914
-0.095883586
-0.26219928
-0.2792853
0.9243679
-0.262316
0.19000454
-0.51331997
-0.2497484
0.33128142
0.12637496
-0.17054833
0.3140008
-0.16974491
0.033145424
-0.17223334
-0.0876877
-0.022342548
0.32176465
-0.18184
0.24551222
-0.53613687
0.74657613
-0.8368496
0.5215415
-0.17185839
0.25061774
0.21376097
-0.13641295
-0.22601257
-0.083438545
-0.04292364
0.0044533387
0.34500265
0.36153126
-0.25475496
-0.053288154
-0.60096735
-0.031398565
-0.49261567
0.066879526
0.0010049329
0.5685072
-0.25947326
0.2636301
-0.6570403
0.01714517
0.18662193
-0.4384155
-0.2567795
0.38733274
-0.1571599
-0.15980339
0.23376091
0.3709083
-0.5982194
0.4509127
-0.38073894
0.18029237
-0.17123362
0.8218433
-0.13601093
0.08643256
0.22700296
0.32376173
-0.031341523
0.07259251
0.49248737
-0.61826646
0.103126206
0.36386994
-0.032741778
-0.07501814
-0.0596548
-0.17986046
-0.4107399
-0.12221362
-0.2735229
0.2626611
0.06403376
0.5742717
-0.501611
-0.04224602
-0.47017142
0.53887266
-0.019586336
-0.22222029
0.3747963
-0.49151853
0.42474827
-0.03508689
-0.17489451
-0.17670831
0.17831403
-0.012837202
0.01534675
-0.12133233
-0.6312739
-0.2509091
0.15177812
0.2084115
0.09561997
0.17765133
0.35929796
0.4816969
-0.3804232
0.06775777
0.41769785
-0.04161113
0.33630297
-0.010290136
0.4885085
0.30686486
0.159263
0.058892246
0.13733755
-0.22702211
0.14878428
-0.62852794
0.64039713
-0.36585942
0.71965146
-0.011946469
0.048765033
-1.0395839
0.39612922
-0.34569257
-0.21869378
-0.25507748
0.17516477
0.1871612
-0.0704023
0.011646387
0.471842
0.08261709
-0.44430387
0.07978089
-0.33068374
0.2508023
-0.026324067
0.14434215
0.028371345
-0.15845077
-0.27152774
-0.11804523
0.026010837
0.46778098
-0.28957438
0.229733
0.07575189
0.1683985
-0.27676633
0.36369568
-0.31234238
-0.43462342
-0.23785803
0.1352145
-0.28242156
0.24711415
-0.25491527
0.09432064
0.74836844
0.26335055
-0.118753985
0.094798125
0.13289405
-0.30062455
-0.17991647
-0.32265285
0.14944847
-0.32338414
-0.5398893
-0.06576269
-0.032304753
-0.25002864
-0.40469044
-0.034140807
0.32011658
0.28024936
0.21150935
-0.06505811
0.17459399
0.123495184
0.09810223
-0.29652253
-0.45591232
-0.15695532
-0.08747378
0.856356
-0.53781945
0.42523026
0.3153693
-0.31036526
0.32301468
-0.14366224
0.03599119
-0.06828978
-0.15753394
-0.2056646
0.48689353
-0.2792079
0.33272946
-0.36481312
-0.098816454
-0.39707765
0.13914925
0.14691071
-0.1440879
0.11654092
0.0507223
-0.28200462
0.5819389
-0.6961812
-0.1575196
-0.23415071
0.1161196
0.06965537
0.01758461
-0.05136699
0.262028
-0.30643204
0.12956928
0.38178685
-0.13587855
-0.26730508
-0.12902033
-0.10167053
0.31494114
-0.2062326
-0.37851796
0.13036679
0.20789348
0.16640544
-0.83943534
0.5000989
0.18971303
0.033885986
0.1796578
-0.1565953
0.4302873
-0.726708
0.145215
-0.82032436
-0.1264868
0.39766416
-0.97045654
0.15700647
-0.4212023
0.2783147
0.2559502
0.32240376
-0.2879461
-0.20934069
0.09242559
-0.47849965
0.041205086
-0.5761207
0.17616017
-0.05792737
0.06681681
-0.3164423
0.23870622
0.06925973
-0.3951917
0.41612405
-0.36137044
0.31559032
-0.062460687
0.20286335
0.10485063
-0.31728017
0.20358525
-0.18869911
0.123081535
-0.088264085
-0.25955012
0.018168133
-0.01553604
0.13829882
-0.09202168
-0.14297222
-0.06748402
0.24859996
-0.08625843
-0.30660552
0.12051072
-0.22613582
0.17973973
0.04327301
0.14861843
-0.011438841
-0.40390277
0.47305164
-0.26395875
-0.021358067
-0.45922634
0.18028852
0.5519428
-0.25606108
-0.107969545
0.20843364
0.10175238
0.06777763
0.23842368
-0.10893372
0.69705623
0.2797807
-0.30035338
0.30822217
0.44097236
0.39952517
-0.2036027
0.009263201
-0.2663963
-0.04925299
0.31499803
0.1668142
-0.07580231
0.3069031
-0.064604536
0.33191904
-0.3134534
0.34623924
-0.26052818
0.5881946
-0.11344021
0.3734157
-0.12554182
0.095466115
0.24086386
0.10683256
0.1624862
-0.36322176
-0.33713388
0.069011346
-0.3071269
0.5024617
-0.18150106
0.31381264
0.011841778
0.2095181
0.2393929
-0.3698252
0.3739107
-0.32197356
0.26376233
-0.5021903
0.16937377
-0.14339322
0.08875391
0.24812037
-0.093172066
0.08359228
0.08214162
0.26225778
0.20063345
-0.4903515
0.20491634
-0.5741916
0.7028866
-0.3184537
0.30337837
-0.16423357
-0.10621559
-0.1484834
-0.5750141
0.5671633
-0.43041426
0.41897693
-0.368577
-0.4067912
0.06696828
-0.055949796
-0.13988952
-0.2611304
0.14882606
0.13197045
0.2298434
-0.26655078
0.08115959
0.32903495
-0.13885722
0.23429932
-0.3124812
0.28090036
-0.23959857
-0.07969831
0.12866002
-0.43823078
0.07750688
0.0037481727
-0.24179067
0.30713817
-0.3316779
0.04414632
-0.17013396
0.26922914
0.034945574
-0.14480916
0.42200342
-0.083958425
-0.26141757
-0.57538456
-0.14341246
0.25236773
-0.0396648
0.30380714
-0.13007209
-0.25350824
0.28244242
-0.16348282
0.07110056
0.34845722
-0.121876374
0.08011196
-0.2342256
0.11808995
-0.6314451
0.2103242
-0.25049964
-0.060347624
0.034454253
0.585604
-0.4057498
0.29138723
-0.5293053
0.38425678
-0.21612214
0.8151852
0.27496058
-0.29622525
-0.18140043
-0.08361648
0.47306865
-0.16238952
-0.076911785
-0.24782547
0.4448411
0.2505205
-0.06385776
-0.1798572
-0.32043856
0.5402585
-0.3242408
-0.6208204
-0.07562041
0.0068971924
0.22792858
0.040295705
-0.081798725
-0.23119797
0.12176774
-0.19821319
0.2461234
-0.07548891
0.23843205
-0.1852993
0.21853217
-0.2108745
0.08652683
-0.46173146
0.24564515
0.054578695
-0.35685146
0.04016926
-0.22693485
0.75392693
-0.052802484
0.11350916
0.0090502715
-0.3788941
0.45632318
-0.0048720776
-0.31210285
0.15742536
0.30033225
0.17730425
-0.052522946
0.0043109874
-0.16349068
0.39720905
-0.1858096
0.3410635
-0.02359389
-0.050768953
0.618613
-0.55816454
0.28877783
-0.02187242
-0.24316347
0.7115018
0.36998254
-1.1854072
0.0887637
0.010660033
0.14375138
0.49688905
-0.39849585
-0.1795404
-0.090537116
0.23747566
-0.41942084
-0.23491494
0.37567687
0.02371364
0.1841626
-0.17432404
0.066816814
0.31099692
0.12246456
0.079821244
-0.07690851
-0.24599433
0.3687103
0.22799864
0.061517455
-0.045941833
0.042912982
0.35321537
-0.11582234
-0.020061329
-0.17217995
0.18646124
-0.14362647
0.2218373
-0.35393527
0.42950508
0.04274737
0.22714958
0.104803726
-0.29250443
0.19716626
-0.44118825
0.44748655
-0.11808898
-0.24840088
-0.25870737
0.44339174
-0.28506634
-0.51262623
-0.13493784
0.4301168
-0.25091323
0.14253859
0.1345471
-0.06260214
-0.11052951
-0.0844702
-0.16945569
0.0062659835
0.2916307
-0.3319921
-0.2632596
0.14836408
-0.69578826
-0.3690087
0.24150912
0.5216356
-0.05587141
0.007129785
-0.2986195
0.33392212
0.32911637
-0.1922951
0.2865337
-0.6687536
0.57546777
-0.4145383
0.43859172
-0.21962984
0.012984105
-0.14884767
0.26965597
-0.22583023
0.120365225
-0.0138958655
0.06050905
-0.3167978
-0.3401976
0.17737167
-0.057617143
0.21386991
0.15373822
-0.37193778
0.42840508
-0.024442
0.09278668
-0.057040267
-0.04016571
0.24329458
-0.46266803
0.09553081
0.20887902
0.08604799
-0.0074590477
0.017532129
0.16466653
-0.3525569
0.119569905
0.35769305
0.25573745
-0.010444571
0.18936665
0.60272443
-0.22285403
-0.17822851
0.062253963
-0.030312454
-0.4282088
0.13437591
0.16855079
0.2892996
0.5742283
-0.2828093
-0.20890856
0.44724387
0.42127672
-0.4124416
0.8650228
0.2491827
0.11602419
-0.29616466
-0.21482633
0.36541915
-0.3451833
-0.42816418
-0.045417976
-0.09064994
-0.19891731
0.60592437
-0.13756244
0.11838301
-0.19848146
0.14329278
-0.014731358
-0.18511568
-0.20801623
-0.037974294
0.033986673
0.08588758
0.28545883
0.028189514
0.45513088
-0.064092204
-0.04578427
-0.12123972
0.17304033
0.4032377
-0.4093158
0.12076835
-0.17565793
0.1503436
0.19379558
-0.022888372
0.011041256
0.6164744
-0.87959045
0.1917427
0.42682564
-0.29554507
-0.014706178
0.072281
0.026214154
0.067964
-0.34506112
-0.0033922987
-0.10992118
-0.21014386
0.06123372
0.07712903
0.24080805
0.08211751
-0.05588599
0.38922217
-0.33715737
-0.2919575
-0.22689554
0.64573044
-0.073995434
-0.15143055
-0.46359235
0.21635202
-0.34887004
-0.16993442
-0.32445264
0.2871437
0.39985842
-0.50106275
0.36741108
0.2673584
0.18774089
-0.09762087
-0.041383687
-0.21391165
0.25364253
-0.12522364
-0.15464126
0.3641423
0.14493766
0.5711264
-0.34340435
0.2718729
0.123712115
-0.4418142
-0.24730502
0.89006615
-0.13295114
-0.10710901
0.11663314
-0.093938164
-0.16513574
-0.19185686
-0.05768112
0.35986698
0.108578384
-0.072984576
-0.39780885
0.29711425
-0.14759146
-0.12261274
0.4653855
0.057650972
-0.32717955
-0.12413371
0.061022215
0.45502165
-0.1222184
0.14926484
-0.3262848
0.40123862
-0.12665626
-0.027617207
0.27793956
-0.22225384
0.09125281
0.052360855
-0.10769372
-0.15871702
0.20832916
0.5554456
0.069795735
-0.27902383
-0.04319769
-0.19771177
0.399868
0.47698689
-0.26017344
0.34693673
0.4322833
-0.34185567
-0.47564676
0.4169822
-0.63911086
-0.6170553
0.31400552
0.24436755
0.13787256
-0.12056966
-0.17923686
-0.19446237
-0.9730437
0.5300844
-0.55804104
-0.25447604
0.33234438
-0.12807027
-0.012667447
0.19387127
-0.16292357
-0.9498946
0.17804451
-0.08052325
0.6695214
-0.476492
0.47807598
0.08894695
-0.025646295
-0.30770892
0.062319167
-0.09207975
0.058911707
-0.018121593
0.20480064
0.022236409
-0.32370436
-0.28713807
-0.029536342
0.24587479
0.041435663
-0.31536806
-0.28090653
0.27192286
-0.034275737
-0.23405637
0.16635583
-0.13454695
-0.41205022
0.67719406
-0.5629742
0.11484125
0.16104229
0.02239257
-0.41141832
-0.21504684
-0.016965378
-0.29322726
0.19237623
-0.2606412
0.031551205
-0.48352867
0.68858814
-0.1994114
0.051487967
-0.16649567
0.43039563
0.11062007
0.13529004
0.50576854
-0.08939219
0.2790604
-0.008661125
0.39270335
0.16476204
0.31360188
0.22725159
0.058546655
-0.075231165
-0.085009634
-0.18163306
0.25122884
-0.06027054
0.47984937
0.016613688
0.20541903
-0.19027114
-0.0070764134
-0.4704668
0.1113178
-0.44417405
-0.059185997
0.14191918
0.17028144
-0.23330075
0.12841494
-0.11707697
0.016441405
-0.16399448
0.07643633
-0.14754833
0.13509366
0.006429737
-0.0854584
-0.32529494
0.43306702
0.008375648
-0.012420305
-0.020237304
0.07816598
-0.07130962
-0.12987643
0.11712394
-0.057064917
0.41911483
0.022615086
0.011733515
0.13217145
0.46458352
-0.13841805
0.08349006
-0.06473689
0.0116248
0.13947544
0.25157887
-0.09721929
-0.01682248
-0.39007974
-0.50064576
0.24991898
-0.09660959
0.5318204
-0.44917557
-0.059700295
-0.33733618
-0.036881622
-0.102112934
0.4538725
-0.36052597
-0.41785994
0.24423611
-0.44177675
0.5474396
0.24712564
-0.13126719
-0.18722112
0.090487026
-0.90816337
0.59338826
-0.32312137
0.5784212
0.0204237
-0.093276694
0.008478356
0.009892637
0.22148252
-0.13655184
0.13908438
-0.14063697
0.26351398
-0.07069637
0.028577404
0.455675
-0.036696173
0.35744038
0.018743563
-0.14539832
-0.0068381787
0.08144584
-0.110847704
0.105202
0.22486185
-0.25732228
0.30917293
-0.10617102
-0.08759204
-0.21686608
-0.10971484
-0.067355745
-0.08541557
-0.46680915
0.22209162
-0.3200052
0.32787836
-0.16870882
0.120705865
0.2282715
-0.11802132
0.17373705
0.035727136
-0.21399046
0.4264888
0.39761943
-0.5247483
0.68809474
-0.71664745
0.41167066
0.06462159
0.26066768
0.26165605
-0.33342457
-0.17148222
0.29247707
-0.048649196
0.7448567
-0.582256
-0.28303143
-0.2153872
0.22686061
0.2313283
-0.42449445
0.3505945
-0.34850794
-0.2902958
-0.1298384
0.04608618
-0.16892092
0.37090728
0.02415313
-0.1809979
0.10385514
0.07196521
0.12485309
-0.35621828
0.0055188257
0.092170246
-0.6748424
0.43035036
-0.26278004
0.16656281
-0.22852573
0.025602551
-0.54590744
0.7266104
-0.6113869
-0.031664968
-0.2562043
0.21470973
-0.20168296
0.12954117
0.5017914
-0.041475482
0.1388923
0.11849044
0.18132159
0.0893403
-0.22539434
0.032667965
-0.06598665
0.0033113381
-0.59791315
0.559069
-0.4276886
0.08420515
0.46572465
-0.78001577
0.2780547
-0.110606335
0.120839514
-0.20216843
0.21529295
0.00781959
-0.15113588
-0.23584275
-0.074417695
0.25991377
0.34554738
-0.835012
0.5177876
0.49885395
0.12586014
0.07767976
-0.4129507
0.03430831
0.2431118
-0.14955138
0.3874826
0.5649368
-0.034410365
0.072432876
-0.024771722
0.107061066
-0.257989
0.07794792
0.3642951
-0.76853275
0.13420042
0.40756533
-0.4670971
0.110441715
0.26331222
-0.17220676
-0.13229033
-0.42969075
0.7328965
0.24603444
-0.14240156
0.067890085
0.14543736
0.13444448
-0.18408474
-0.21590403
0.020800566
0.044345036
-0.007711579
-0.21783547
0.026183248
0.12247891
-0.4020143
0.09856621
0.1967801
0.015709393
0.4045128
-0.17645761
0.5932772
-0.25124982
-0.411623
0.1607072
-0.1072815
0.17869726
0.57651967
-0.5029447
0.3043255
-0.09110253
-0.2958805
-0.1319064
-0.45479274
0.3002548
-0.051179018
-0.5523675
-0.051414922
-0.13291344
-0.642964
0.11853537
-0.32890716
-0.10576817
0.5264123
-0.3288252
-0.05341208
0.15629935
-0.7837853
-0.15762144
0.013497538
0.036902912
-0.14934292
0.10942893
-0.37565815
0.17733033
-0.61222374
0.81874186
-0.19976029
-0.07594308
0.08237781
-0.12821758
-0.40814593
0.28978303
0.14704463
0.40818065
-0.32316744
-0.17808735
0.39952636
-0.44755164
-0.18424423
0.38492206
0.027717998
5.448972E-4
-0.1294031
0.19958957
-0.13193956
0.3867344
0.0020337077
-0.22240238
0.18033223
-0.26255617
0.015722042
-0.43799496
-0.033533968
-0.14628865
-0.27820963
0.22217073
-0.11294999
-0.12669665
0.38033038
-0.32599512
0.061263658
-0.8431436
0.3521876
-0.84700316
0.9556747
-0.04158256
1.0617083
-0.58592695
0.110530265
0.34613243
0.026477044
0.2777312
0.0037407049
0.37640962
0.07179214
-0.039059408
-0.043065503
0.103979
-0.13918804
0.43248653
0.2556627
0.4648614
-0.6641741
0.013916731
0.2657081
-0.38040996
0.54247457
-0.11597306
0.17726508
0.13067111
-0.2298068
0.13746433
-0.12518676
-0.15474927
0.09773251
0.27916068
0.020426651
-0.32856593
0.12564029
0.14058127
-0.14618942
0.5680675
0.19688274
-0.50344086
0.02073606
-0.16099933
0.027639322
-0.21791986
0.38225627
-0.17571825
0.0057877996
0.16722445
0.13089928
-0.14398567
0.1415673
0.051535625
-0.22467762
0.23284487
-0.23147103
-0.32360572
0.49888793
0.27226937
-0.7838542
-0.016764233
0.15147787
0.7397375
-0.296944
0.37844425
-0.42970914
-0.37961045
-0.77603704
-0.17029709
0.40538877
-0.4766853
0.5910857
-0.18843259
-0.044150982
-0.3002644
0.17062846
-0.235309
0.08338461
0.08640679
-0.13689956
-0.20057002
0.28964385
-0.6214931
0.29404593
0.008417461
-0.022543084
0.19822046
0.02797103
-0.13375075
-0.03345015
-0.2993267
0.57515645
-0.16441953
0.03636301
-0.33404198
-0.07543244
-0.53249323
0.22634687
0.15286443
-0.077465996
-0.4037187
-0.19663164
-0.65452385
-0.21174948
0.35202914
0.1671237
-0.13688597
-0.3670589
0.3423016
-0.40214434
0.054285776
-0.21213403
0.0070412257
-0.61083376
0.16787656
0.056829326
0.18957837
-0.15750423
0.79130447
0.07521128
0.5997773
-0.5598223
0.008425528
0.7563529
0.0041929567
-0.5858898
-0.07879089
0.15283453
0.19976726
0.19954981
0.5364387
0.083262056
0.19477886
-0.5063311
0.21520908
-0.7426053
0.21618801
0.28585526
-0.05831745
-0.25489858
0.4961834
-0.44818157
0.005484337
0.25658256
-0.28494498
-0.5087032
0.29492584
0.16999862
0.220476
-0.039665412
-0.15090443
-0.3055012
-0.083388366
6.791898E-4
0.17366916
0.09103718
-0.3123341
0.28087988
-0.14278242
0.48716003
0.2547781
-0.16598572
-0.13680302
0.37899342
0.24009502
0.35921517
0.61382866
-0.17713736
-0.09159186
-0.20095989
-0.10555184
0.38350382
-0.22306453
0.11378364
0.130468
0.55163246
-0.17391878
0.7188367
-0.46508002
-0.42179993
0.2526946
-0.723399
0.10379188
-0.60766983
-0.26181605
0.13507856
-0.06624299
-0.2885421
0.2710716
0.092495896
0.30387092
-0.00861076
-0.6757875
-0.1674246
-0.010837388
0.2403583
0.01475816
0.14429276
0.6514445
-0.09811298
0.19299446
-0.0045993384
-0.2722279
0.3746089
-0.024800612
0.023222199
-0.28126654
-0.22600392
0.59492046
0.024646476
0.5007162
-0.42736366
-0.36110207
-0.21071438
0.16789794
0.3965366
-0.40195715
0.4368577
-0.52117825
0.43908927
0.03835389
0.08122778
0.07436484
-0.4357191
-0.11243086
-0.037151303
0.020036185
-0.53895193
-0.04014458
-0.17714731
-0.02129414
-0.07611432
0.2464209
-0.055359513
-0.07887141
0.2911336
-0.33140537
-0.04265602
-0.3753242
0.5133318
-0.3476447
0.20956442
-0.04022176
0.38235164
0.06967536
0.31739736
-0.38572365
0.3705111
-0.31509376
0.24581051
-0.37134442
0.20233966
0.03277048
-0.21132825
0.12294772
-0.40861434
0.46427417
-0.119896226
0.022463439
0.118839905
0.037811782
-0.06839112
-0.69813836
0.52398425
-0.14593671
0.19461247
-0.31769127
-0.261856
0.22626698
0.13507566
0.17947525
-0.015360335
-0.45488188
-0.16051792
-0.40110174
0.061300427
0.35924006
0.011315549
-0.11187162
-0.009921798
0.21663386
-0.8256944
0.512298
0.08356997
-0.08236572
-0.20341465
0.006537101
-0.18164882
0.26229376
-0.3316428
0.18246707
0.40670907
-0.10570333
0.22657342
-0.202497
0.15941581
-0.46787655
0.35115078
-0.16009429
0.046606485
-0.051297843
0.44381872
0.10874291
-0.18372004
0.028359571
-0.29757717
0.5385859
-0.36640182
-0.10765941
0.00959162
0.028602242
0.5362877
-0.3046417
0.21681769
-0.088273466
0.4278336
-0.3474628
-0.088634126
-0.15353891
0.290344
0.037616007
0.26696
-0.32380578
-0.08389377
0.3686814
-0.13307966
0.545964
-0.19658497
-0.6008907
0.19409762
0.522969
-0.0792794
-0.6372374
0.20398171
-0.20942226
0.32382622
-0.229911
0.4396329
0.20366783
-0.22079863
-0.30979323
0.32620418
0.098391056
-0.19902164
0.032709263
0.39363235
-0.23253486
-0.13425748
0.10868696
0.16147263
-0.22450429
0.27500805
-0.113193996
0.15772308
-0.20996606
0.5629656
-0.2933072
-0.3576269
0.18974312
0.073802575
-0.16135743
0.3839788
-0.44290212
0.19268529
0.51416093
-0.6949707
0.004896135
-0.05671681
0.013248177
-0.15616041
-0.69366133
0.21864837
0.34514496
0.04387085
-0.031004751
-0.3617684
-0.05193749
0.10945387
0.015412976
-0.108411804
-0.28473142
0.054703977
-0.6243626
0.7751237
-0.3428719
0.485857
0.07793455
-0.26718953
-0.1121129
-0.018884696
-0.28760743
-0.3784866
0.23311579
-0.07339936
-0.37421766
0.61899555
-0.33030707
0.15638033
-0.31231835
-0.15070443
0.44093767
0.05585436
-0.22631957
-0.08220107
0.17512426
0.034121975
-0.5515674
0.24298266
0.11814872
-0.7558666
0.74400485
-0.21887697
0.022458626
-0.13989796
0.4755555
-0.6331827
0.4816835
-0.24656917
0.09160047
0.13360891
-0.32069376
0.61334413
-0.18371886
-0.12900129
0.07241428
0.19060834
-0.042709436
-0.18311764
-0.55628043
0.523661
-0.08506286
-0.061281063
-0.17142269
0.6676457
-0.25289425
-0.112173066
0.033995107
0.07251932
0.07684101
-0.45328662
0.605515
-0.24762613
-0.11457245
0.12748052
0.1546203
0.89296585
0.09697321
-0.0889951
-0.26822868
-0.734335
0.1419748
-0.24785616
0.15649284
-0.21487966
-0.2937687
1.0667477
-0.0019013232
-0.06814305
0.02528896
-0.23128213
0.772243
0.021022938
0.035142045
0.3452363
-0.6109933
0.14280476
0.0026250938
0.15910523
-0.3388829
-0.06373746
0.2766027
-0.06517604
0.17179942
0.49899137
-0.48441833
0.4273476
-0.27485543
-0.05746369
-0.0924423
-0.22082439
0.3574556
-0.12582433
-0.17640854
0.10201396
-0.18325105
-0.254318
0.32347146
-0.20952968
0.09894091
-0.7281924
0.43647325
0.19451256
0.67525196
-0.795567
0.44894913
-0.59562004
0.62943083
-0.7805725
0.87220913
-0.7307565
0.22276515
-0.3112961
0.12931405
0.38809627
-0.22130851
-0.026144352
-0.626468
0.26067463
-0.04608443
0.07087412
-0.61804324
0.2358974
0.25866488
0.5132634
0.46507564
-0.45339236
-0.929896
0.7054199
-0.10726462
-0.08028142
-0.7165235
0.11248224
-0.08807664
0.26469213
-0.8482072
0.100052156
0.54821277
-0.16156982
0.37899706
0.04712479
-0.19780235
-0.26321712
0.11624486
-0.017852554
0.16382815
-0.06204836
-0.28005248
-0.09561227
-0.19804248
-0.3147046
0.12987821
0.103945166
0.11021179
-0.008034867
0.04708274
-0.02647014
0.13518712
0.29133508
-0.062954724
0.0053581046
0.023095947
0.1516195
-0.29399854
0.82329166
-0.3488927
-0.6780995
0.308244
0.08434344
0.22875208
-0.17171328
0.04501029
0.17645791
0.027916882
-0.25128755
-0.15476483
0.6103898
-0.34670222
-0.07147238
0.14192133
0.15206312
0.16407324
0.20767534
-0.42753857
0.7153967
-0.60481673
0.6067469
-0.42331576
-0.7633018
-0.07264451
0.36078593
0.6589587
0.09481384
-0.24283011
0.18788029
0.5437286
0.31233042
-0.6781323
0.43196294
0.089095585
0.13532187
-0.36383936
-0.013369289
-0.406838
-0.15777919
-0.14834477
0.21165393
-0.2651244
0.4954805
-0.69626296
-0.17101537
0.31781673
0.06443426
0.25558475
-0.06986372
0.008872614
0.052948147
-0.42105994
0.024118602
0.06247122
0.18518965
-0.28001025
-0.16419514
-0.45221907
0.026644167
0.25438386
-0.43293682
0.5164002
-0.6320685
0.2596196
0.6489388
-0.1989022
0.25528887
-0.42896214
0.6879387
-0.7048231
0.41179597
-0.10741447
0.09780086
-0.19431917
-0.4932357
0.31613985
-0.2778303
0.36936697
-0.19051924
0.1383991
-0.2486991
-0.030921543
-0.41174465
0.07651664
0.06347212
0.46987844
-0.064299464
0.7483537
-0.3262989
-0.3622924
0.13240801
0.3766228
-0.3594858
-0.68528235
0.17529704
0.471146
-0.5241191
-0.19232504
0.6270169
-0.43361834
0.2312706
-0.08322845
0.48493218
-0.28879455
0.79283464
-0.46437895
0.22886835
0.27949673
0.05671657
-0.4015115
-0.13039804
-0.25578296
0.0566318
0.077905096
-0.4119312
0.4590503
-0.08430456
0.07578277
-0.34730792
0.45572466
1.06418265E-4
0.23427035
-0.031794
-0.095156066
0.13268632
-0.13306779
0.33624393
0.1227908
-0.17339481
-0.051096622
0.023110768
0.20539497
-0.103094034
-0.15854888
0.08543408
0.17496493
-0.07265868
0.15494864
0.01629874
0.5048863
-0.07004056
-0.0731882
-0.062659696
-0.5674538
0.31373534
0.02893864
0.31527507
0.06332615
0.21369985
-0.38519445
-0.22394988
0.003440409
0.061707877
0.38963175
-0.36516842
0.054906063
0.012786797
0.59579134
-0.5351407
0.050551325
-0.19036403
0.3072231
-0.42778045
0.6078901
-0.34422836
0.036532994
-0.07747333
0.24009578
-0.03250842
0.0052035055
-0.10797035
-0.10665065
0.54902977
-0.26197407
0.512258
-0.032383084
0.48266003
0.01813887
0.056475095
-0.119337216
-0.087828025
-0.04641618
0.24658291
-0.5474081
-0.1185703
0.15873276
-0.15967676
0.123929426
0.13155015
-0.13859394
-0.07583297
-0.043282405
-0.2842469
0.08452984
0.044081766
-0.23488186
3.714254E-4
0.17635384
-0.16461231
0.33100155
-0.24710009
0.03900274
-0.042348236
0.14154525
-0.44139722
-0.12580054
0.23730555
0.30105942
0.09740954
-0.059404507
-0.2832238
-0.27361
-0.26109836
0.10782771
0.6460968
-0.27322543
-0.09861505
-0.5381048
0.30794698
0.08687707
0.11922479
0.024100874
0.6679009
-0.45157197
-0.06712851
-0.16316998
0.4478437
-0.4933343
0.12154314
0.048701443
0.2771781
0.046645682
-0.38777697
0.21285658
0.4290492
-0.16983655
-0.007781429
-0.0148952985
-0.24733503
0.48799044
-0.51894754
0.009927514
0.1141451
0.12930883
-0.00343849
-0.052593198
0.1471441
0.22319698
0.009385728
0.016417583
0.031834077
0.38066435
-0.56205326
-0.0245832
0.009058478
0.10097001
0.16387993
0.29302543
-0.14629363
0.2560134
0.2816717
-0.22423711
0.48448548
-0.71846896
0.4953319
-0.047296215
0.06818676
-0.38488007
0.13160625
0.43795532
-0.20243813
-0.45203534
0.54324925
-0.34085414
0.29505205
-0.0994207
0.14781189
-0.129393
-0.31507194
-0.1514145
-0.037794825
0.10780233
-0.1331511
0.09441827
0.054991376
-0.047021512
-0.22578713
-0.43617383
0.5253182
0.013758732
-0.054431185
0.22303556
-0.19787514
-0.6376935
-0.36007667
-0.19723317
-0.056901716
-0.50623924
0.17431968
-0.1845896
-0.0074497606
0.068551
0.5785854
-0.50977
0.50236493
-0.09355469
0.23490128
0.44681758
-0.8724446
0.6356321
-0.029873623
-0.17462765
-0.18431641
0.335016
-0.20897768
0.23558235
0.10016109
0.21632637
-0.039223064
-0.2835305
-0.37991315
-0.012770044
-0.34858882
0.23230222
-0.1561958
0.5087696
-0.83827823
0.552963
-0.39950818
0.10911052
-0.32192343
-0.07760645
0.83394694
-0.45075795
0.2772753
0.18893036
-0.039897658
0.24856305
0.033464365
0.35508445
-0.33902195
0.047625884
0.15503182
0.10665808
0.03433751
0.06919876
-0.43737042
0.26119563
-0.23369321
-0.043864973
0.10534262
-0.21709004
0.4278535
-0.20121609
-0.16649961
0.1798695
-0.06148512
0.22659993
0.6037632
0.25367296
0.2980568
0.08271503
-0.008859913
0.13508452
-0.19205843
-0.022890896
-0.3816531
0.29176912
-0.46197492
0.1398194
-0.33987725
-0.12700552
0.38494775
-0.33628386
-0.026105996
-0.063002616
0.22424309
0.06588573
-0.10937638
-0.013837371
-0.08631782
-0.69609547
0.6523719
0.15769118
0.36915
0.17455584
-0.091849536
0.08889488
-0.23523545
0.5860514
-0.37455818
0.088647865
0.30837008
0.12441129
-0.034906913
0.02847316
-0.5964824
0.033989217
-0.2854993
-0.158529
0.18917842
-0.2576699
-0.35659838
-0.15493788
0.5538927
-0.24831076
-0.2355157
-0.7733428
0.64256674
-0.14481322
0.107513405
-0.69071585
0.75644493
0.31720254
0.018271932
0.36904365
-0.17986354
-0.20582975
0.2420914
-0.24510902
0.4327508
-0.40528262
0.033504516
-0.51623183
0.19801575
-0.16630088
-0.33115605
0.28524712
-0.1918532
0.19312769
0.263489
-0.07604419
0.20599641
-0.1091069
0.36626968
0.14587942
-0.29835394
0.124466285
0.16444449
-0.120937034
0.13216038
-0.029833985
-0.13844554
0.120988876
0.34485722
0.15772565
0.19812803
-0.2850512
-0.4727704
-0.07741298
-0.3361434
0.20979252
0.1043206
-0.39325786
0.17785604
-0.16110244
-0.12708135
-0.16291393
0.42916006
-0.5634527
0.6226573
-0.057276484
0.15553975
0.025837904
0.13847125
-0.30091578
0.39280483
0.13064647
-0.08557512
-0.2378957
0.3475964
0.18091422
-0.0019842207
0.43761903
0.35695827
0.1212549
-0.5522785
0.27080208
-0.044070445
0.08773106
-0.12651345
-0.18564104
0.04806763
0.080943435
-0.274144
0.3415987
0.12276665
0.4113797
0.20474252
-0.1778313
0.26084673
-0.50579333
0.18509549
-0.025132634
-0.26571733
0.02098549
0.05175191
0.17072307
0.10871111
-0.27603078
-0.25489295
0.49740678
-0.05280941
-0.0673218
0.0090739
0.03852036
0.32591352
-0.15493946
0.018431405
-0.44071272
-0.38646662
0.32532012
0.2782466
0.42047864
-6.523767E-4
0.45202622
-0.5920474
0.43397486
-0.18797287
-0.22079921
-0.13748303
0.33290207
-0.17648518
0.28394237
-0.06586345
-0.06562385
0.61247045
-0.07798481
-0.044973604
-0.09911039
0.40004614
-0.57976425
0.5259425
-0.696983
0.39299276
-0.03897173
0.13794081
-0.21033663
-0.38052732
0.0064943656
-0.28834763
0.23678622
-0.24920125
0.19968307
-0.06315406
0.26306567
0.5543156
-0.024294483
-0.2376179
-0.16760036
-0.3187183
-0.23463237
-0.36345977
0.23002161
0.24533606
0.31372485
-0.59521925
0.5704637
0.03619551
0.3734723
-0.7842342
0.23887604
-0.07675365
-0.03903962
-0.072432436
0.009118987
0.010836059
0.4738426
-0.046782885
0.19741687
-0.33413047
-0.1852187
-0.55270916
0.9757163
0.10397884
-0.10059109
-0.30161074
-0.2902633
-0.08018582
-0.20826083
0.4296056
0.114406005
0.15423234
0.45611596
-0.35157174
0.014998486
-0.48600405
0.29082775
-0.5664535
0.36508203
-0.16853374
-0.37474534
0.25533843
0.14701708
-0.48652676
0.0065256553
-0.37221256
0.6895634
-0.2658516
-0.038579606
-0.400912
-0.2579427
-0.19383848
0.45535368
-0.11839419
-0.5797593
0.599474
-0.3557389
0.13313764
-0.45791298
-0.52514297
0.07527384
0.09602731
0.25576928
0.43417415
-0.24699393
0.15976134
-0.5114491
0.26559594
-0.5244262
0.54730886
-0.37328622
0.4057804
-0.012122775
0.2655208
0.018391827
-0.58993065
0.15508425
0.024527496
0.35092512
-0.07032185
-0.5196781
-0.03552976
-0.2568054
0.054084275
0.6756286
-0.021369666
-0.4635935
0.11976182
-0.083345495
0.3764252
0.10021374
0.36632046
-0.8288053
0.37207246
-0.5768947
0.45359966
-0.08565627
0.5844068
-0.1727854
0.29033658
-0.08687097
-0.1789335
0.15354286
-0.3137307
-0.03286543
-0.30368656
-0.5085624
0.32440096
0.3064188
0.4801575
-1.0256916
0.19589546
0.42470688
0.35611627
0.44630048
0.23059332
0.018321648
0.01620491
-0.0713543
-0.36372104
0.18726848
0.06751045
0.77685195
-0.009895955
-0.14242709
0.29651096
0.071106896
-0.3359069
0.21091828
0.10745039
0.3211957
0.05743599
0.068375506
0.14294511
-0.3733023
0.29999885
-0.22840713
-0.24972649
0.45074928
0.37234876
-0.05019472
-0.04083004
-0.11274459
-0.36516902
0.0751431
0.05176479
0.14807123
0.38993442
-0.19581573
-0.3549396
0.30860296
0.015803475
-0.22382078
0.02916062
-0.16686594
0.38934866
-0.08483029
0.051464368
-0.4410269
0.09256374
-0.23775616
0.18668279
0.011583955
0.49274144
-0.54822767
0.47498855
-0.056976963
0.37742072
0.078912474
0.30725235
0.04856317
-0.08589075
-0.17768033
0.21945998
0.017904002
0.23337992
-0.4722996
-0.3664188
-0.4742463
-0.30559197
0.16826314
-0.41851375
0.57890797
-0.0055198697
0.33963805
-0.6242532
0.1271971
-0.25043046
-0.07787329
-0.34216538
-0.15056878
-0.29160097
0.6235112
-0.37383685
0.215258
-0.20172167
-0.19787511
-0.10005496
0.21849313
-0.06572516
-0.061919756
-0.13004956
-0.033272523
0.20379703
-0.647083
-0.44328246
0.8318195
-0.23815276
0.23368081
0.012736494
-0.25646806
-0.007966648
0.28272974
-0.4738285
0.064068235
-0.39776576
0.27430066
-0.11660484
-0.019619465
0.04125947
0.040431805
0.0015228619
0.025238322
-0.1452852
0.046528697
-0.07194714
-0.123145685
-0.21655554
0.030058637
0.3597653
-0.19971772
0.3976465
-0.3663629
0.24039473
0.21667765
0.025900265
-0.11967598
-0.35693356
0.21589668
-0.020963755
0.15265712
0.3098414
0.29274103
0.1375838
-0.3138211
0.27863097
0.2696411
-0.2702543
-0.05302018
6.4354925E-4
0.35172123
0.20793572
-0.05260468
0.32387638
0.101574995
0.18149967
-0.2827516
0.07548499
0.16111158
0.21362755
0.11111703
0.3303018
-0.51455086
0.39150587
-0.55558133
-0.011399842
0.20516777
-0.43489367
0.39670634
0.56096286
-0.76097494
0.0073962444
0.14571229
-0.16159782
0.2423519
-0.37273458
3.9031147E-5
0.36994833
0.49489653
-0.21332853
0.047077637
-0.09237877
0.30503318
-0.12528807
-0.095153
0.17398188
-0.29365316
0.037614968
0.15603192
-0.39190513
-0.12257643
-0.29529834
0.42942044
-0.40381894
-0.36310238
-0.0716202
0.09078003
-0.08635756
-0.8190856
0.37861776
-0.17521194
-0.028282968
0.553128
-0.26956
0.17970523
-0.07286726
0.19367717
-0.054056082
-0.35813293
0.19738135
-0.47361457
-0.11437148
0.26133502
0.16684957
-0.29230845
-0.056928203
-0.44347998
0.42031276
-0.32128826
0.0071760304
0.35467836
-0.60104704
0.19391218
-0.051664792
-0.5075152
-0.09776048
0.30464143
-0.3134787
0.16129653
0.69232637
-0.5171969
0.5646007
-0.2500056
-0.1031334
0.18153068
0.3661251
-0.6972554
0.21634498
0.24312893
0.12757935
0.417626
-0.9331012
0.07157851
0.24785174
-0.18945599
0.11748204
-0.07099821
-0.2163363
-0.091891676
0.15647627
0.21411948
-0.19246152
0.11199785
0.009909717
0.24854855
0.33079967
-0.40657115
0.29653487
0.5187877
-0.09013081
-0.041709565
0.5955695
0.23734799
0.17852359
0.2318369
-0.2338686
-0.047586367
0.45391065
-0.63701093
0.111162946
-0.24362792
0.19475798
-0.3501658
0.37014264
-0.16024992
0.24012384
-0.40609884
-0.0051070605
-0.12247692
-0.07014762
0.10048627
0.19859351
0.36884755
-0.3897584
0.029698476
-0.5506832
-0.11974571
-0.14046669
0.6724903
0.20489927
-0.35523564
0.24082115
-0.3756072
0.20467724
-0.08755697
-0.46748036
0.05145359
-0.32878682
0.21631518
-0.33333126
0.4783172
-0.087268755
-0.19015294
0.15839073
-0.6019389
0.740094
-0.13388993
-0.12840848
0.25335965
0.08905901
0.20648926
0.19097833
-0.3364307
-0.063724905
0.22403204
-0.35624936
0.5867985
-0.4932964
-0.21712385
0.032407388
0.15425871
-0.32745594
-0.0012349852
-0.18364273
-0.0050714104
-0.6037626
-0.26482075
0.25984716
-0.2424544
0.16136949
-0.7807887
0.33237436
-0.1246317
-0.16672228
0.34198338
-0.19045064
0.1588434
-0.19439074
0.28269777
0.12741311
0.028651549
0.4906895
-0.323648
-0.022198783
0.42960644
-0.6371938
0.27554417
-0.09279303
0.38311324
0.19991502
0.1549137
0.14977223
-0.67903256
0.34542924
-0.04027012
0.1079731
0.08341378
-0.021595601
0.2978655
0.3868122
-0.07744754
0.32261834
-0.29205257
0.2596018
-0.5017272
-0.0906769
0.6330916
0.28561255
-0.30678925
-0.077628314
0.10011458
-0.09408017
-0.4802498
-0.13429806
-0.16922235
-0.43239945
0.68934387
0.083216555
0.03629284
0.05048508
0.32335407
-0.020476138
0.27165684
-0.5780851
0.16383761
-0.14002967
-0.14793476
0.4270415
-0.2175154
0.3422427
0.27124113
0.1983364
-0.38857946
0.34033358
0.5091783
-0.36515102
0.31849748
0.26718408
0.14822121
0.53858167
-0.36257556
-0.1366269
-0.6308143
0.54840076
-0.48716363
0.13561234
0.1501197
-0.64710504
0.49898854
0.03175559
0.1041841
-0.033141345
-0.110649265
-0.30355874
0.34298176
-0.50353235
0.39980865
0.057457116
0.063279085
-0.010288893
-0.26216173
-0.02684089
-0.3918026
-0.1491204
-0.44966525
0.039139062
0.5278381
-0.09268861
0.5165409
-0.34223485
0.018604543
-0.39782223
0.09913782
0.2532852
-0.47666276
0.40765414
0.57755065
-0.10476086
0.2617405
0.064147405
-0.23117757
-0.0045244084
-0.20119299
0.02773678
-0.15181252
-0.17865627
0.047221575
0.30626342
0.5632831
-0.03148415
0.40602875
-0.3453544
-0.1422415
-0.00279069
-0.047117483
-0.403665
0.33886227
-0.6618854
0.053152144
-0.28650707
0.05857166
-0.22581576
0.061622433
-0.18774542
-0.2900384
-0.1284891
0.45215186
-0.22536914
0.0875483
0.3058542
-0.045947503
0.5129065
-0.29646105
-0.355255
-0.08873281
0.0128662875
0.280535
0.032940313
-0.4317199
0.42606786
-0.21145147
-0.18461756
0.016450569
0.29423234
0.17980303
-0.09757566
0.43753174
0.05045634
0.7377114
-0.42171124
-0.15195091
0.32047343
-0.51240593
0.12745433
0.40934438
-0.0152258
-0.26767075
-0.060563404
-0.15170333
0.018467693
-0.2446882
-0.19474445
-0.006247941
0.14991929
0.011381697
-0.15422992
0.05537804
-0.019601574
0.24186242
8.225927E-5
0.12015118
-0.38135135
-0.2612711
-0.58233094
-0.02667765
0.27781802
0.017231032
0.32191306
0.044263374
0.377989
-0.040573545
0.48096934
0.04669074
0.16325717
-0.021733945
-0.19780533
-0.44138733
0.0626399
0.47978094
-0.19860299
-0.031676885
-0.20064685
0.21127146
-0.6141175
0.49590442
-0.2460571
0.083929814
0.1027139
0.319455
-0.72164243
0.49625924
-0.1547231
0.06437015
-0.45784244
0.5930921
-0.021708708
0.024427108
-0.1975578
-0.14689918
-0.076399274
-0.13855715
0.06866697
-0.28963166
0.0054705543
0.2067261
-0.3364932
0.35414985
-0.19301227
-0.47746006
0.38703287
0.023057371
0.28314918
-0.27987745
0.39128006
-0.49549443
0.6250634
-0.40722355
0.17177148
-0.08680126
0.073807076
-0.3030318
0.38408524
-0.15954266
-0.22828645
0.58141357
-0.29630706
0.41137275
0.18623309
-0.24016406
-0.059188753
-0.002415787
-0.17754717
-0.07127971
-0.4397689
0.1749613
-0.19168432
0.163458
-0.3299637
0.25724405
0.006714803
0.16925216
