27.335701
25.73529
39.59306
11.896485
-12.748607
5.9288054
-4.8118477
7.235907
-7.587888
7.010174
-6.970669
-7.0336204
-4.3906736
-3.1244597
6.4883776
7.427734
-8.809136
-3.3605978
19.117723
4.9015393
-12.551514
-14.93941
-10.067264
26.83764
9.003917
-40.230434
-2.9402392
-3.4827895
3.1986644
11.433348
12.086695
-46.433865
7.3043985
-15.872031
-20.111355
-5.314322
-17.044628
27.626902
1.4531916
-24.115643
0.5872047
-19.696844
-10.084128
18.360344
18.68749
2.175008
-16.898474
-26.406591
5.6953063
13.870748
1.2354838
-19.398375
8.36307
22.653063
-9.392762
-44.84146
-8.652828
-26.982367
-28.802855
-18.222515
26.072332
-0.076139465
5.7276974
-25.740372
2.6227489
-13.196468
-13.48401
-27.120731
-5.8186493
6.236857
-2.3047926
1.175054
10.27715
-2.9060721
2.2759812
26.287607
-12.316438
-12.418485
16.090181
10.827431
-19.961588
-1.0589586
-20.21232
32.948513
-23.216871
-10.556588
9.205109
12.600196
-9.3548975
-36.677933
7.626122
17.20065
-6.84189
-6.3415627
6.1254444
-5.091188
9.038676
10.476668
6.7365184
-6.507129
-0.6465225
20.143143
13.787422
-1.9875106
17.908024
-3.2571306
-2.3522556
-12.065756
-8.770421
11.4624405
-2.1372895
-2.4924827
7.6855283
21.655504
8.347113
-8.053525
-27.982843
3.2910688
30.741959
8.072042
34.519096
33.504723
8.756588
-1.6837174
18.866858
6.4689493
5.3971186
-21.72056
-17.22478
-18.56791
4.1273065
3.1269157
0.09311551
9.245073
25.303776
9.430051
-7.646509
38.36694
4.4557104
11.456158
-12.23666
-13.734537
22.281212
-29.743032
-34.16044
6.0565014
-38.96985
19.43592
22.684555
-10.584476
9.720559
-0.20798552
8.16457
-15.487012
8.699359
22.255924
0.28233635
-14.850131
7.380025
39.06254
-2.5214748
13.526955
-0.9900202
1.7637386
16.02457
-6.390598
7.1373987
16.321146
-7.78197
29.045338
29.200397
-14.276223
-1.1357019
8.983031
10.017318
-16.115238
-16.864273
12.769821
16.293343
-18.093758
-21.944963
7.661817
19.457556
10.0957
2.8122182
-6.9381957
5.172345
15.1527605
-11.974931
-10.198156
4.842357
-36.168842
-44.255077
-16.926338
13.403376
18.87633
-4.167073
-8.645206
3.1164348
15.606176
-24.165318
-12.687412
-23.128502
-15.906801
-13.80705
9.405352
26.460566
-3.6246638
17.235813
21.74
-0.22608761
-19.728048
5.313295
-4.0658007
1.5390034
13.32528
-10.093052
7.6427712
20.401651
2.630927
-22.121204
-18.589785
-18.312893
-12.014111
4.4356194
9.1489525
-12.21897
12.159374
13.228222
-6.6114693
5.8922505
11.158811
-33.956226
16.070309
15.727983
3.8504763
-11.815406
-12.809592
26.63928
29.80729
-9.167062
-14.876529
4.4153724
10.680098
14.698094
-5.8699355
-20.450138
-19.143463
-11.68123
-3.5894492
-19.116888
-12.353424
-4.635178
-7.3324184
0.68005514
4.8906918
-10.60539
-9.74359
4.1739583
9.51044
-15.287894
-3.9540544
-25.85152
-7.3633323
-14.780248
2.5151713
2.5973346
-6.629838
22.212435
-16.138632
-15.91641
-3.3059964
-0.6899596
39.134132
2.6827416
-22.648037
-0.4527792
11.480789
4.5650945
21.204086
-24.563005
-16.96115
11.524893
8.16036
7.3281612
10.552494
-8.078899
-20.707582
-2.1196494
22.722795
-21.650778
-5.043225
-2.900293
-12.10711
-3.2730343
-19.34699
-18.990753
-1.6983529
4.095118
-5.4544873
-19.937181
-10.535631
-21.62393
6.0017524
-1.3087921
-16.1744
0.7104506
22.20409
19.409721
6.882828
2.14415
-2.3570285
-1.5395991
14.419252
-5.482098
-24.725697
-5.6703615
17.800167
20.097717
17.849043
-4.7508163
-15.212226
-11.007412
-15.903347
3.2499313
53.577442
7.758461
-13.176205
13.198653
32.61351
31.385925
-23.65957
3.3192925
13.522803
-12.744648
-15.499403
-6.565585
35.589832
7.9626637
1.7884519
23.29164
9.703036
12.868944
32.124325
-3.5894434
-37.697052
-21.17507
13.553742
18.23651
-1.683343
-4.057456
9.960838
-12.819565
16.370064
-21.555414
15.079836
13.225732
-14.972625
-10.453685
-8.806125
-17.284472
18.706572
-3.884544
-12.924052
29.264793
5.407423
-40.081238
1.841894
4.6962733
-14.317806
-2.0210207
-9.370329
-18.115759
8.354553
30.733604
-7.5090656
10.402871
11.758621
-2.2001133
-3.7675893
-18.367783
21.082092
25.918583
10.165085
-1.423578
13.911518
12.742584
-19.027887
-1.7760103
33.980415
0.7488492
-13.581402
0.2846256
-15.5777645
1.9127336
-9.066566
6.840926
11.566556
-0.9750136
16.975758
20.424479
-7.7074757
-14.212073
-50.312725
-29.863825
-16.041931
-17.312124
0.11251765
22.975542
-2.083069
-1.5426503
5.3321676
-20.078222
-20.819452
2.0039442
25.098228
-31.850887
-11.515672
-24.624434
37.223053
12.393354
-9.11426
8.84332
0.886426
22.711487
24.496984
-20.894974
17.753298
32.979454
6.8128157
-24.046045
4.077646
4.751856
-28.106266
10.458851
3.1489482
-10.962279
4.185604
2.606939
-8.713447
21.057545
5.9774027
-6.07212
17.32687
-18.562618
24.305267
-3.633119
-16.247412
33.23018
48.446644
9.3900585
-21.235582
-10.977106
-28.653225
-29.697945
-21.586657
-0.20936066
-6.9210987
-5.738351
-4.8118343
10.192671
18.933426
-29.935976
11.310562
-0.1093357
-0.11027272
5.08876
5.883732
6.480236
-3.6330216
11.905874
-6.024251
-25.667158
-3.5470088
31.434916
-2.1805384
-27.104933
-16.34202
-12.245983
5.503383
-3.480708
12.055708
-21.788399
14.877409
7.004619
20.297647
18.971312
-30.836916
15.697975
-6.0833745
-10.907854
-4.270423
-8.341886
3.4463022
3.8105128
14.401265
-7.7652235
-6.671532
33.76455
18.763624
14.520529
-3.075989
-10.780302
-14.676869
8.528233
-0.16288526
-2.3791711
19.539757
-30.947857
22.114803
-19.716467
-15.607529
-21.15447
13.837084
9.16915
13.151498
10.3747425
9.567041
-8.445787
1.766935
6.4414244
-22.210402
-6.0118256
11.594755
-14.020137
-3.8326368
-1.4059342
-10.421077
54.902294
-26.432472
8.075473
30.799824
15.381384
5.748299
24.315413
-6.2459245
5.135153
1.1799897
21.175417
12.466297
-2.3506522
-13.076339
13.941515
-24.547018
-29.465414
-9.683565
1.5021073
8.092521
-5.154795
-8.967899
20.619379
3.5894094
-31.704836
4.8071647
-15.095129
-22.27549
12.435497
32.604153
21.248983
12.621516
-27.23416
2.0276995
-4.8774796
-9.371751
-40.898098
-24.626823
28.864246
-1.3254118
-29.832891
20.687284
-12.691801
6.7636046
2.4377735
9.026289
-21.036036
25.841148
-19.194607
3.8701446
-3.8660371
7.59675
26.8825
-1.267847
-16.00711
11.185784
-20.290703
-6.1154985
4.332845
12.242156
5.295663
9.191778
-9.008729
-1.9140432
-12.214896
-17.809692
7.4586377
-38.14617
-5.717905
16.772202
-42.146545
24.861664
-25.364096
37.91367
17.588902
0.46847498
-21.310383
-24.369204
16.551592
24.50237
21.88452
22.193293
-16.840384
4.0889587
2.9046361
-9.905324
-4.0576797
-2.4045205
7.544659
45.70085
-12.302164
-19.754507
20.260246
-25.28821
-45.416664
25.223223
-7.5094237
-17.602804
1.6030377
8.581268
-3.0188172
4.429398
19.896372
0.7430785
-8.564253
-28.90266
-8.790336
13.748467
-7.8306227
1.3084502
-32.185837
16.129738
-36.689888
-18.500784
4.00683
-10.7630625
-7.7282066
-30.898132
2.11493
33.341644
-7.407158
6.7465563
12.445996
-29.833704
-15.237791
14.089633
16.6747
24.988543
-36.35598
22.934326
13.230357
-5.479814
16.797338
7.262446
-24.898249
10.301974
-0.4359134
6.3684087
-10.903096
6.648749
-13.119481
-18.932076
22.235214
26.15654
-3.4225733
4.6714425
-10.936231
3.748178
-5.4905243
-12.021341
-13.757623
4.5199857
7.030939
25.366924
10.275095
-10.041942
0.33329368
-9.511055
-14.046951
29.457693
1.6043425
-19.452879
-5.943749
-7.873598
-8.358412
19.788021
6.3644757
-23.910685
23.086075
-23.903904
22.3187
0.19757755
-18.857086
-11.619122
-18.695269
1.9512813
-7.549337
-6.718155
12.193057
-9.346062
-0.7386445
-34.90334
-1.8060389
10.198116
25.383394
7.916421
-0.32246253
-1.668984
-3.3334723
17.661522
-12.477072
9.668269
-9.588986
25.465328
-0.24282584
-10.786611
11.292193
-20.719196
15.197243
9.266324
20.230167
-22.227718
-0.835766
2.9426706
-17.761715
-30.404366
-9.808342
-16.836699
-2.6976283
-2.9668775
-7.1191077
5.007419
-20.097635
7.2799463
9.510895
-4.463853
-9.739715
-7.6433887
-21.038382
6.788359
24.645807
-0.250672
12.65153
6.845559
-6.5223937
9.381017
-0.16533254
-9.784179
-11.840825
-0.43242615
-22.628153
14.826008
-4.785648
-2.0492697
41.189293
-7.6397457
-18.998043
-9.225884
27.123575
8.066328
16.25171
15.782926
15.279063
-22.928143
8.234881
9.254669
-6.472858
-3.4315553
16.016876
5.05759
-9.877483
0.2665752
0.021195378
8.086303
-19.82877
42.547462
-5.978917
-13.132669
-4.46676
-27.473837
-9.327931
-23.31986
15.902284
-17.154907
12.271804
6.5048943
31.731083
-0.70954967
-17.127144
12.570182
7.6747613
22.92377
12.944366
-15.621236
-1.4144382
6.833294
-11.227929
17.241005
0.7304324
-32.55137
29.755812
27.378035
-15.767689
-13.983883
29.44944
-21.589508
-27.014725
3.5649235
22.92591
2.567652
-6.806235
14.985539
-8.982165
18.883747
-8.056235
18.05348
11.36492
-11.149896
5.210854
-10.119061
18.7261
9.047481
24.657835
12.890678
-3.5145812
-29.212128
1.5052781
7.303937
11.469788
10.310163
-16.804434
21.397102
-37.107185
-12.054764
0.82192665
2.4823737
0.94902307
-8.0982065
-29.980556
14.177593
32.560017
34.244232
19.049042
0.8300728
12.222461
-2.1061912
-12.87027
-3.184567
9.359469
20.794441
14.313335
-33.925716
-17.96491
23.820911
-12.905628
-3.1258335
18.740849
-21.166464
-4.011771
10.173128
-19.534279
-6.6753664
5.06906
-1.5118884
14.678183
24.165672
1.0807233
-7.323428
7.960517
-11.8488245
-2.1164846
-18.897493
8.690879
12.984045
13.123424
9.449254
-24.8889
0.49900672
9.440722
22.857677
-17.363075
-19.6517
2.0391839
-10.205393
-1.2453469
-13.519697
-13.459086
-7.617481
0.55447876
-7.9651885
8.822624
18.783873
9.948614
3.5922375
-11.522041
3.1699605
-20.92877
-15.936399
-1.772485
-1.290839
13.303408
-16.742796
-51.850224
-0.7950056
-15.672997
9.580434
-4.8703184
-8.849651
0.70802736
19.176392
-13.302342
27.167725
5.6372156
-7.219154
-31.409597
-17.326311
2.0477643
33.196484
-16.78054
-35.138313
7.9593406
-9.56601
-18.564394
8.765083
-5.9302225
-8.840499
-19.257298
23.933355
-13.422528
-16.155733
-27.203129
-14.839698
1.9124072
14.746568
6.190672
8.4746685
-42.651466
4.13831
14.342812
-4.132104
-3.8069952
-24.465317
-7.5070925
14.882073
-37.07552
5.344602
21.84445
6.294356
-10.042266
-2.4741063
-16.980614
-6.1254416
5.9706464
1.1792233
-5.8450627
-1.9768883
-15.938504
8.798559
16.839003
-11.2226305
5.717216
5.4064755
-14.906577
-2.0210257
51.51638
16.255356
12.093742
31.2599
0.31065804
-5.7322626
-38.08391
-27.855726
-5.4223886
19.54959
-1.8353804
-0.2593001
60.292377
-17.71927
-40.468906
39.582962
18.372393
-0.036118828
1.8705996
-15.258926
30.032053
20.982094
-19.011534
19.83499
10.873137
19.759825
-19.337927
17.759457
4.4357924
-14.647096
9.810902
-3.6481676
4.757444
34.048218
-19.603601
31.63806
35.11182
-21.176825
-8.400639
29.335258
49.859814
-32.261753
-20.616175
-10.920917
12.561579
28.320312
5.7595835
10.230032
15.431065
18.369707
-18.358957
13.511447
20.186762
32.949917
-33.34345
-10.826483
-10.894931
20.598843
10.365538
-17.031355
9.504652
10.82833
29.55351
-20.840696
-30.001549
-35.841393
0.34686995
26.551706
-7.4285226
-5.7272763
2.0322914
7.2838416
-13.483938
-14.084637
-12.682155
30.756155
-14.014659
-31.01663
5.814671
-37.886887
3.2947628
-29.900385
1.7167078
27.222837
14.672147
-17.387218
8.229232
-4.940352
-24.591223
-15.273364
46.76021
-39.20097
33.322056
34.68339
1.9195325
-16.446657
11.481673
-19.230959
-24.856052
31.383936
-2.2469711
-26.659267
-0.62861687
-11.910006
-22.042843
24.26038
41.028664
-21.509073
-12.800148
1.4341767
-24.681393
-9.339008
2.961236
34.174538
-11.850085
-8.906795
-32.23621
9.71174
-12.5489025
-9.701824
6.163119
7.4198756
2.53565
7.7406483
-28.135235
-13.990928
11.412361
10.0331135
16.021612
3.3538387
-14.834596
22.293161
-43.11629
9.226674
-22.522629
-14.347431
-7.0963845
-9.513488
-8.412343
-6.764204
-19.978848
12.082088
12.863386
-12.87071
10.196006
-4.4039907
-8.83387
19.972754
8.339955
22.51025
-9.310499
-13.754245
-47.51125
-26.585512
8.439599
-53.66799
28.152142
-13.8129835
-30.688631
-12.1256075
12.5829935
-15.868256
-28.158289
4.721495
-13.758921
12.974463
22.586441
5.998089
-20.076601
21.233517
33.89479
-38.96667
-12.677224
9.796011
-6.1801167
7.387461
1.2035654
18.01669
1.0425035
6.742267
6.252499
14.820218
10.906109
1.0720358
11.606755
-6.966877
-0.36322075
17.801016
5.2584524
-13.293082
8.629052
-11.127097
-1.8249981
18.403664
-24.786024
2.7759213
21.914114
16.74483
-12.423977
8.387475
-20.507153
-33.77455
-0.33831343
-3.1093175
-12.540714
4.0695963
-4.818487
3.6841555
10.502357
-1.3697157
-26.747229
15.369122
-24.46708
20.288874
-15.985634
9.757814
-12.9872465
-4.3994274
2.7278602
4.0984297
7.9170833
-43.40788
-31.768993
1.1795846
-30.19725
-11.380565
17.013311
34.57575
-27.470203
-9.3382845
9.608007
2.7116973
4.5201697
-3.9551604
0.43022963
6.914266
-22.69931
22.534924
-3.6812935
-8.899293
-6.7831564
-5.7837777
-10.738701
3.0805175
1.4277747
-5.7055984
5.7883334
-7.337588
19.19646
2.0890245
-12.118181
-23.821808
19.679348
17.195257
29.76693
-9.123392
-25.191822
-4.352588
-7.545865
6.325162
24.07087
-23.84949
-14.955284
8.0711565
-19.569397
2.4407356
33.29854
12.08754
0.62696093
-7.540716
-11.886385
-26.290123
12.143266
15.595838
-3.171533
12.267116
-19.552637
-3.6389618
-6.779058
5.168062
2.0587366
-2.2511983
-11.155045
25.937733
2.666878
-23.675522
-39.212948
-19.216066
-30.276148
-3.2691894
-0.16957836
-11.605355
-8.618378
1.6085167
8.216741
-22.3621
32.31784
15.370719
-27.950506
15.723541
8.395346
21.320356
-16.66847
-5.639718
-13.871034
3.8880424
13.676221
-13.2824955
-18.442095
-10.279749
5.719605
-6.3201485
2.1409097
20.885303
2.1684783
-2.0148318
0.5570694
-2.0882738
-12.0680275
-16.258453
14.533484
14.449756
26.737822
15.839407
4.412472
14.98849
22.697182
-7.7259207
-11.008598
-2.7781577
-16.325968
-32.48645
-3.1035924
-10.014032
12.892511
-44.995255
-1.8063154
17.170536
13.078214
-10.401676
0.1447121
-14.8541765
11.710309
18.320143
10.988488
-19.653082
-23.83062
-1.5036275
-2.8203654
10.389276
-14.322734
9.418046
-9.875726
8.481669
4.9455442
7.691961
7.709105
14.022134
20.2278
-28.628653
27.33601
24.686993
-19.230152
-13.136705
-6.1670647
13.657337
-16.097137
7.9220037
-18.379759
7.4069443
36.90604
0.6255852
8.925799
5.2634845
3.7701304
9.600276
-17.335632
-10.932504
-1.3228714
-13.72351
4.5242333
-3.2614517
-35.955044
-20.069157
16.672169
9.046193
21.380869
-20.894505
-13.756692
38.434837
21.269346
-0.027074229
-0.89867496
18.853312
-14.116023
-15.209857
-11.614378
-32.29086
9.242885
-29.094246
1.3784182
-0.791116
-14.971989
-18.73694
8.012785
-21.196373
2.447352
4.4494715
1.8383776
-10.1630535
-9.021657
-20.053328
-10.143093
7.878278
23.53966
30.858484
2.835838
5.312178
32.92448
21.887276
6.7347107
0.88452137
19.404478
-26.210138
-8.030616
-0.34867764
-37.38191
-8.438336
-3.0051851
20.525309
-1.906451
34.2747
-3.25887
-9.494771
-2.721772
-4.142336
12.516061
5.755762
-22.556469
8.526592
-16.91145
-17.283112
2.150382
-19.925835
-3.216993
18.437496
-9.820004
6.01695
-6.124417
-31.148554
14.699302
-1.1788437
-19.284101
28.49157
-12.951714
-19.204315
9.137999
26.772297
-0.02490591
42.261147
12.049671
-19.711115
-3.4493608
11.37269
30.483301
13.073543
-2.1083803
24.779173
-11.490688
-21.772825
-3.0885258
-8.038542
-14.549683
2.670036
14.585488
7.9811482
8.084991
-4.115704
6.8689446
-16.728064
-30.617764
-21.472696
5.672565
-27.10064
17.190464
-17.677814
-13.156752
-8.255087
-6.725813
-8.202209
-25.70322
30.929989
9.004274
6.168348
-8.930937
26.928722
2.8463361
-9.066374
-9.107048
6.16508
-22.96111
34.39985
16.207672
13.473142
-25.046188
-7.6269264
31.478876
11.257959
18.354815
8.496111
-18.163628
25.495289
7.6796937
-28.427418
8.610064
2.9825346
-26.169125
31.869198
16.601467
-18.933815
12.846359
20.114222
-7.21269
-8.141648
31.458399
0.861045
-24.582619
-9.9195385
19.48675
-2.5891876
-32.14679
34.813866
0.82337606
9.644518
21.46679
14.150852
-8.488095
0.29002947
12.054567
-20.907253
-8.571622
-17.185642
12.6482115
41.022636
23.862965
25.87271
17.133196
-20.412169
15.150828
-8.568946
-17.746479
-3.5475807
8.021192
2.5443003
14.34465
13.753995
-11.842726
-18.7478
-18.474302
2.1021779
-3.5229366
12.344232
-16.05086
-26.499336
-5.3582973
20.026749
-32.803844
12.8713455
39.32855
13.035343
-14.738771
30.333826
15.032472
12.677876
-9.153434
-12.334967
-7.0651126
9.208828
-15.373014
17.5407
-18.020832
21.609446
12.56777
-29.775545
4.716008
8.689054
-12.0739565
-1.3168923
28.094799
-37.895992
-5.7988367
4.2790875
36.210426
-22.472584
6.4670405
-12.494858
1.7262866
-14.809773
-5.47979
0.5011768
-29.364998
-10.305423
0.8263554
-32.43423
21.092815
9.373427
-8.724569
-1.8732556
1.3427184
20.921434
-33.272858
3.9374318
8.1570635
6.4122477
20.717133
1.7658099
7.6842165
1.8129086
-25.451015
44.96379
-22.408533
-2.6619759
0.50168145
1.533466
2.3893547
14.973767
20.801575
10.341696
10.208251
-3.3085341
-16.809471
-16.313122
3.4265797
16.916098
-10.413335
8.824694
-27.086626
-12.47264
-17.498646
6.786524
9.567698
-2.8051925
-9.920522
14.87993
-39.08966
-6.842287
-5.783989
5.2136707
6.9623857
9.863209
1.1912965
-22.429274
-5.1665707
-10.169921
1.1022311
9.756159
-14.052425
-6.380998
8.569535
-3.692982
-15.521479
19.969233
18.593603
-7.719182
-11.592081
-23.996033
-11.0776205
8.55264
16.78314
39.431065
10.537356
-5.518209
2.8034027
1.8825107
-11.07501
4.9400253
14.521377
-0.46187216
-4.0518775
-8.866294
13.709419
11.281632
-12.28371
-0.4287918
-16.707905
-15.6311455
23.057236
1.2568057
7.634361
7.143527
-1.1926253
-17.183851
-30.116434
-8.560133
-0.22785404
-15.606769
9.357297
14.380539
-4.4786596
-32.10858
10.963067
15.641457
5.9829807
11.7085
9.871662
2.7054267
15.919429
29.899185
5.5786247
19.47501
17.758293
2.0558643
-24.51425
-5.469801
2.5302541
12.635385
-10.13062
14.664505
-1.6283851
4.6151767
-20.102842
7.076286
-5.5020437
-8.083586
39.989452
9.877382
-7.107352
-4.4762573
32.899296
24.178514
-16.698647
9.806218
-54.538128
2.7285795
8.609167
-14.349104
-6.564402
-8.652559
35.65689
22.207865
-2.3452144
-14.1257925
-29.78143
-9.456029
2.3264089
-3.0926921
-8.571221
-0.31495374
-26.642323
5.635397
41.21966
-16.745632
-9.102932
-28.12891
-2.968086
22.292732
-5.5221834
-13.909049
-28.289757
-10.657209
-9.227077
0.40764722
1.90642
-29.29725
-4.8180523
27.47802
25.849861
1.9028798
7.9710603
-7.881315
0.47507265
-10.130449
5.8000584
31.985138
23.80496
7.3709927
0.4801229
19.280739
3.849503
28.647116
-14.497607
-25.713139
-17.77938
-12.402487
12.846859
30.242416
3.341776
5.1070085
10.384007
-25.301268
4.098634
13.713162
22.186098
20.936516
-13.153495
-10.347824
31.591417
16.493378
0.37764606
15.356366
-4.840498
-30.934437
4.4708605
44.138916
-13.614592
9.558842
11.82711
3.5260494
8.079983
-3.9613733
-9.968001
8.928295
-5.3831143
19.392548
26.711025
-9.798539
23.909567
-27.38385
-14.411218
7.036406
26.657473
16.00767
3.117293
17.408405
-7.632462
29.798006
20.624746
-1.5157055
-11.167894
3.3961034
3.6045437
-0.98615366
-4.158963
-18.127327
8.341842
20.264666
-5.900041
-8.274483
-8.140146
19.032946
46.24402
17.167595
5.538921
5.860177
24.204042
-13.911118
11.963605
-21.438845
-6.2876067
0.20428386
0.9238701
-15.8991165
-21.845358
-1.8699294
33.875202
-10.828976
-11.732267
-14.579803
9.087641
-4.3891077
-19.992002
-9.079403
10.620738
-5.9472537
-5.8210573
35.616783
-2.2182913
-9.192857
18.823236
25.688393
27.46565
4.4850225
2.5435274
-3.6859071
-5.045559
5.5866585
19.012981
20.506351
12.598598
-18.099379
1.7672715
-9.912212
-6.3971453
-10.619577
-27.003351
17.683584
33.994476
24.87651
-44.740944
-18.105083
12.846055
2.1879935
4.5410843
-7.327252
2.828033
5.816514
4.2766986
3.8243556
32.511593
45.63607
-24.306673
5.101103
-10.7517185
0.93226033
-15.825189
-23.924927
2.7527902
5.9177723
1.2184575
-6.193582
37.912876
-17.781218
7.7157226
-19.720526
9.397341
-14.606889
-17.944649
-3.2692127
-0.34051225
-6.6981444
6.6911683
-33.545784
17.36288
2.9288192
26.911999
11.497699
-0.24905723
-17.214848
-8.783923
27.535343
-17.10114
-2.8837383
27.346136
-2.4492347
4.839016
-1.6449186
-3.4667208
8.837415
15.956632
-5.0804434
19.144358
9.123316
0.090752035
-11.723664
-16.936752
7.4269824
10.516209
4.3408065
-43.83592
1.7298794
-3.9961457
-5.938881
-31.965897
-24.609278
20.764683
1.0961269
-14.727037
-5.852146
12.642259
-5.583103
3.2633727
-38.972164
-30.619566
3.1241038
-3.8565824
27.676222
-29.154171
8.708596
28.86073
16.9035
-20.061731
-4.4150553
-2.987644
-18.121843
28.742683
1.803013
26.738117
-40.72975
-14.364581
23.088362
-14.723737
-17.597319
-20.118067
8.370003
24.935415
-25.9663
-1.2970071
3.3679066
-1.9937738
14.04043
15.659689
8.4385805
-18.914183
6.056558
-4.082254
-3.0785556
5.578765
-10.867053
0.26890114
4.115386
-15.442833
18.281437
-2.2991135
-17.306831
10.698893
-9.976237
-30.09987
-3.1778095
1.36599
14.657297
-10.372544
-20.396032
-15.920942
7.271802
2.7428262
41.10415
22.44099
11.606446
7.130039
9.47719
-24.273737
-3.5197904
4.070464
-11.19871
44.188
0.50793475
-11.880915
23.116802
-0.04535103
-24.406675
-25.378359
-32.157578
9.836076
22.144579
-18.291843
-18.853256
23.502415
-14.393667
3.4645686
0.29956427
24.447659
2.5428514
-21.716822
-5.1237845
13.2674885
-25.02783
9.674365
3.5532377
16.74464
-3.7063155
-23.869001
6.242257
-22.165365
10.699432
27.194727
-12.886248
-16.440502
28.13445
11.432289
-5.451821
-5.3237076
-18.127253
-8.341273
12.50761
-5.9390416
32.61496
-4.4546943
28.087595
3.8789828
-13.543584
-32.086857
4.205488
28.927467
24.069376
0.1614227
4.210848
5.392327
-6.2958455
35.5338
24.508162
-4.7043467
-0.47282112
-2.1229336
0.8854686
9.784956
-13.120396
16.640696
-21.217749
5.8499885
0.95262146
15.571034
34.887962
5.1405306
-7.3235784
-0.89735067
-7.581531
22.904905
-11.238967
29.03466
15.505808
-6.894946
8.2359
-11.920233
27.171186
54.04028
39.324142
-1.6853247
-37.16561
21.16349
15.233011
1.7161914
18.264338
12.310593
-2.0088353
3.40209
18.111908
-18.759775
-7.4991837
-9.240101
9.915055
10.651062
-15.613544
4.0367026
-21.263771
15.372858
8.335232
-27.572817
-7.1648536
7.5887723
-7.6691985
10.356563
-20.43367
-6.129733
-4.5000963
-8.871096
1.4059609
5.0429
9.294723
20.617285
-20.828283
22.13108
-17.697935
-3.8466003
10.97683
12.043426
6.770203
-8.134178
-15.851844
14.150638
-1.2432494
9.461663
-20.931887
8.038395
-5.364458
-29.262861
-27.111004
1.4332566
7.117891
19.146725
2.2160385
-7.552444
3.4601848
13.954085
35.526287
-40.41951
-28.885614
-28.43783
1.148474
10.969403
1.604742
-7.375295
16.728086
-24.248991
-6.6521883
16.790758
-3.7302337
7.2482324
-3.0620167
-4.928225
-11.998077
34.063236
15.832335
-2.4629664
4.0223994
16.319902
-2.409537
41.095642
-5.021729
2.5222533
9.115192
0.3563516
9.5120535
19.79898
2.4848983
23.360262
8.172931
-20.289883
8.724434
26.242743
20.991823
1.3685384
-33.95636
-7.5409675
2.955908
9.945649
-19.359684
-13.610518
8.891616
13.927464
7.0124755
21.786663
-7.51748
-11.13928
1.5739589
-2.1054351
-21.55072
-6.0374556
1.9881734
-1.7773235
6.2646203
-24.475435
20.42351
0.0841165
-8.983879
-27.295635
-17.099936
-9.003461
15.76457
2.0958173
-17.00954
3.814261
-9.134743
-15.398098
-12.599423
4.1226892
23.764214
-1.8023303
-16.733189
7.3194633
-26.12825
-16.61656
-1.5544487
-3.0395546
1.5982462
-4.579784
-1.2265222
-9.253634
-10.143616
3.0956764
-3.1217902
25.147333
17.255781
-2.2836032
-2.3645632
-0.6835143
4.6909704
-10.718728
-18.626726
-9.17613
-15.025844
18.218348
2.7297018
-2.1323977
8.759968
-1.5173049
-31.220518
-8.341525
7.498325
-5.598306
-1.05229
-5.046211
-0.33767828
-22.41618
-33.273804
0.69622827
3.2986107
7.291596
11.750715
8.167041
10.618777
7.1764526
7.9976707
-17.421192
-19.33603
-2.532523
6.2412796
-38.508915
-10.059982
-20.111525
20.0352
48.67726
-26.925894
8.748091
-19.186089
-5.5995317
-31.81552
-10.203443
7.2597075
13.348456
-19.407938
20.22647
-6.0078874
4.8461995
4.8516498
-5.9879375
-5.8256493
-31.211468
-11.147424
27.762856
26.611137
16.22574
5.8436575
-19.42263
-12.969728
0.092942156
33.98111
-15.604515
-10.325151
10.839273
20.264557
-11.485046
5.714135
7.839317
-21.742683
9.268894
-5.787045
-6.507933
9.18189
-1.331981
-6.8712025
14.248986
21.635628
3.310069
16.12424
8.743621
-9.765311
-3.6345787
-1.1198629
12.794669
-0.08087076
13.787088
-13.559371
-21.558336
0.19341119
16.061087
2.6852806
-22.318233
-20.601225
22.543919
0.92880744
-15.173473
51.536762
3.6414793
-22.383198
13.311575
23.075466
0.014472577
-23.715734
-14.200679
7.133879
14.190696
5.141545
6.5863676
-8.449412
-5.9513407
6.1631155
10.345843
8.111297
-13.983983
-8.218812
-14.647648
12.532651
3.7767987
8.480291
-1.2607642
6.095966
-45.271553
-35.493965
-7.5962825
-3.0695083
-4.05999
-10.552074
11.755475
6.993174
-17.211172
-0.6175843
15.122403
-12.962383
-11.526151
4.526406
3.5026305
-12.750234
-5.9091687
1.841644
4.9012413
-14.024377
-24.102324
-3.8028312
-3.802106
-34.63977
-6.9362164
26.219841
15.169767
-6.643241
-3.9320989
-23.63863
-8.149117
-2.2184768
10.538369
-9.8547
7.0677814
24.319702
-4.8473244
1.1003813
2.0756629
12.021686
-11.711148
-5.1619906
-6.8537145
15.98289
3.7484436
-12.946407
-43.869022
-6.099757
-12.144182
1.00795
-11.04476
-11.759037
-25.381624
-17.904718
-14.404449
-2.3464193
-17.993416
0.7101683
-12.721994
-29.43514
-14.051148
16.363962
1.0825669
31.288687
-18.055035
-42.55082
-31.600882
-20.591011
-1.8034074
-23.661562
13.168463
3.174098
-6.794158
-24.584536
12.056217
12.459346
-15.328235
-10.4842825
-2.8374393
-33.197445
-7.897747
11.072228
19.520594
-0.41118744
-21.356998
21.425825
6.541273
-39.798584
-5.5508256
30.467632
-2.1834664
-19.881702
9.3239
0.38967952
5.85812
-0.08345676
2.0735824
-36.865192
2.3232596
11.731195
16.8945
-11.661474
-0.1297711
10.9614105
-24.183674
-4.756604
4.926666
-5.47392
2.788567
8.426222
-5.2623777
30.931858
2.5530653
21.463398
11.291428
36.99039
27.297995
-11.123944
4.396643
17.583824
-0.36074337
5.941961
-12.840647
-12.921984
-17.242132
23.945314
-3.8976414
26.073896
14.214117
39.697865
-0.890936
-14.15565
-13.503676
-26.233597
7.1523275
-7.514848
-17.039598
-26.972317
7.4002976
1.7654301
12.331466
-4.65216
9.332859
-1.8973972
-6.185878
-5.5261865
23.292597
40.86376
-8.746864
26.553936
26.370068
3.7328255
-19.005198
20.449404
-4.2183156
14.713329
-1.0229288
12.294028
-19.04702
-24.51423
7.6902413
-11.009529
-6.716524
-9.735997
-28.954292
-16.914677
4.1854463
13.347643
8.813956
-4.6696725
0.47473085
45.691936
9.454375
21.800457
-6.2218614
5.2730274
-27.299768
-11.453459
-22.740248
-7.350769
20.581625
1.8252485
18.694002
-13.687369
-6.3164315
0.2719748
-2.2123778
34.59057
-16.304474
-12.278658
-27.764395
69.547485
-20.66177
-11.495262
18.550888
23.168018
18.53744
33.65452
3.3363986
-12.120956
-3.8297074
9.04159
18.293367
10.061419
8.783701
2.7117648
-1.7324702
13.9926815
4.3241434
-22.170343
-23.226225
-21.952333
-10.133867
-9.093548
19.181059
22.779648
9.067451
23.23107
-15.3979025
-24.696192
11.480136
26.426962
-0.4505183
-18.406685
-15.605093
1.5267806
5.00229
1.0374248
10.726586
-7.624467
-16.472176
27.000074
8.436328
-21.905468
28.986647
-10.555906
-13.613364
-15.827837
-4.8760567
-15.132171
-3.7497063
-23.103968
-14.735383
16.915684
-9.102957
-30.49409
-17.669685
-4.06879
-9.8258505
-28.083311
15.328014
6.088523
10.284938
13.884566
11.358427
-22.916426
-25.422287
-4.594549
-4.682272
-9.8730135
-21.503668
-19.492598
-8.67824
41.311977
-0.2704531
-5.36638
21.086334
-17.620298
12.627564
-12.479351
-2.801952
23.477095
20.114773
19.336998
-29.45769
-37.14712
30.672438
6.7641773
7.6162834
-13.149371
2.6628342
-1.4762113
-11.661596
-17.627024
-1.4391418
14.393158
11.027072
-0.6720304
16.37904
21.173262
4.887688
-20.30662
7.8134313
1.0855192
-31.82195
-7.4296556
-15.7174635
-15.436919
31.218428
6.692324
-11.803842
10.706467
16.200794
-35.49713
10.372115
26.29808
23.83024
54.65339
-9.980578
11.445161
0.3254425
5.894263
16.18021
16.567516
-12.202544
-40.273678
17.421108
11.8033285
1.6496756
-14.727799
-0.43088388
-8.779086
-21.347271
4.26274
20.265158
0.37022328
-46.965076
-32.428204
-3.004238
3.7128575
-6.2426896
-24.190207
-25.928143
-17.072672
6.239286
17.565405
-2.5705745
12.687173
-5.5366426
7.509611
-3.255535
-1.9392949
-11.314947
-39.76785
-18.114336
1.9984988
0.30939457
-9.9616165
-0.17944565
-14.446931
13.111119
-2.063548
8.512003
-10.784731
7.1300793
-28.566734
-7.127214
-1.6919055
-34.513172
-11.346271
25.707043
2.037689
-7.117302
-3.584673
9.47158
-21.252192
11.873949
-25.459066
-16.624655
4.7047763
25.05545
-22.997688
6.3957825
34.586617
-7.0170794
-25.661076
5.841558
20.968672
7.109117
26.355782
18.19296
9.888088
-11.39421
-32.06199
11.564384
19.0297
-36.456314
-7.6039853
18.262562
5.0457306
7.998803
0.31554452
-1.1534754
6.617458
-16.237116
-3.3235064
17.873133
14.177999
-7.189501
-0.11706574
-41.821724
-5.9503245
-16.042397
-14.081727
-29.677412
0.6461735
-5.340068
18.371243
2.4972305
1.8271704
5.7486587
11.915527
39.519638
-5.450027
0.8391607
-10.909081
29.371462
-9.853097
20.156528
12.076385
-4.8901997
23.406618
-12.428888
-19.120544
14.705511
-5.026123
-58.65162
-6.097828
-0.054350715
-32.763184
0.9506175
24.97018
2.2211673
0.35498577
46.490837
-26.822493
-32.732815
0.2595176
-7.884286
-4.496636
23.155815
-13.341252
-47.41072
6.3025713
-8.269714
9.829537
-21.500103
-22.50412
19.89638
8.419854
-3.3781238
-21.269392
-6.993354
-5.123462
16.945454
5.794088
-15.9618
-11.594586
-4.3591223
30.770658
24.037374
5.528955
-5.0930285
29.173489
-3.8753417
26.54728
14.20919
-19.40735
-24.504602
11.1993265
-5.7546
33.403927
20.766932
-8.55703
-23.884932
-29.081074
-22.252012
-13.876701
-5.727787
-16.41817
23.622608
-19.66366
7.000609
3.6746364
-4.804189
25.01047
25.857534
4.644869
2.7730255
14.572418
-17.131403
6.553966
-5.080227
11.162222
-10.277011
7.534952
-0.91805065
0.77195996
36.045753
-4.2808003
-8.58949
7.337203
9.922726
-21.931997
-11.577601
24.861666
-6.0456357
-11.533544
-11.221389
8.218495
13.208557
11.883972
1.0652636
-6.3315077
6.6987443
-1.5194874
8.731084
1.4280193
-10.150837
7.7522173
14.402986
3.9752717
-1.7501395
19.943235
-4.772807
-13.853002
-18.704885
25.395689
-0.05468005
-0.9348117
7.120125
-9.366585
-6.7167063
27.38056
4.7175045
1.3655866
15.424063
14.744806
14.466275
-27.070862
11.236078
29.60621
5.6903324
-5.302011
-1.7647722
-16.296663
-14.320524
-20.885603
-5.4603195
-2.549713
13.810752
-4.254489
8.070921
14.787532
21.572826
20.423466
4.181011
17.75079
-26.29375
3.5691612
-7.6546106
-16.279385
4.361156
-34.566845
-3.3504314
16.945795
33.21593
-23.035854
-24.699823
10.892593
16.855722
18.522522
11.022752
-3.8843286
8.295042
27.974348
-7.0026264
30.190023
46.57253
-10.61013
-13.153584
-7.4216757
-0.52601147
15.516142
13.555637
3.7291288
-29.797457
-18.293278
-12.743501
-6.46589
10.50363
12.956207
-17.49458
-17.341372
-0.8623294
30.148182
-17.866966
31.817745
20.064579
-26.936792
-9.0457
-12.25239
12.618225
-8.860014
14.952466
15.451149
0.32260016
14.5787945
3.097494
2.6912973
-5.9425936
34.84479
-12.282109
-17.048569
7.930242
0.59843135
11.360471
-3.9987872
9.927559
8.372444
-4.5319405
2.4186563
-22.018951
45.55444
6.734104
-12.9444895
6.7253594
-14.888387
13.804838
-17.710047
6.507658
14.500224
9.374434
-22.686321
-5.38333
2.7027273
19.662842
6.3114386
3.8024771
8.449165
-22.083834
1.3249382
12.913444
-21.11394
-5.7467017
2.5866537
37.589413
24.857431
-21.492153
-14.355264
-12.135236
15.312742
21.392265
6.71473
5.332876
-2.4003952
-1.8554997
6.0511665
-7.259708
13.923336
-3.5124772
-26.165848
-11.710309
-9.300381
6.4359117
-27.024645
7.0888457
7.6595774
11.1838665
-5.121153
-7.365169
1.8350265
-1.5555339
36.533253
-0.46590796
16.429358
-36.59586
-7.77973
14.513781
-24.229948
-10.485343
3.492845
-4.646108
6.9742217
-2.145055
21.9725
-11.717219
10.59018
-10.0904455
-7.3769846
-4.5260577
-8.187914
21.665787
-32.918827
11.760458
4.616526
19.083908
10.912195
-22.572765
-24.503073
19.157478
-9.690469
0.66833663
8.884186
13.742393
1.9245411
-15.434092
8.800898
12.379887
5.422017
25.696835
14.65063
-6.0160236
26.024553
27.95509
31.863697
7.597303
-31.699507
-28.440304
-40.65909
6.9086084
5.2494707
-18.714499
-2.312184
-17.456528
1.5015656
17.60067
29.349909
24.034843
3.76287
-16.249712
-12.750754
16.472328
-3.828505
-8.425901
-13.563784
12.472029
9.314469
-12.67764
4.8805766
-8.287004
29.671509
-1.5470794
-17.221352
0.44185483
17.599823
29.77638
-16.343006
21.532564
30.951828
26.124966
-23.832396
-20.601458
26.880648
16.849083
-13.026229
-15.764482
11.151577
35.594505
-23.914965
-9.465573
27.863564
16.13947
8.428995
-9.732993
13.981318
32.54122
-7.4089894
-5.713586
-12.786751
-21.52426
-9.147454
1.8327711
0.013503723
15.950977
30.93068
-12.610114
-0.44918746
-3.33365
3.6106176
-0.4230827
1.3889294
6.9091945
-31.198524
-8.994731
7.7024164
17.652964
-10.569522
-19.391947
7.2786713
27.212927
20.244167
1.3783422
-5.8472486
-21.629606
2.3971872
2.2041464
13.109372
20.730564
-4.221928
0.9288342
-32.475704
-38.8967
-4.0450845
-10.213041
38.67959
12.684042
-23.877237
15.184343
21.122423
14.482299
4.6877136
-17.781305
10.202236
-6.1333303
-29.295584
-5.733531
-9.774023
-10.163155
11.589055
-12.057819
22.742207
38.068195
-13.739042
1.528549
2.8710744
-51.848156
-11.961755
17.23139
-7.2009163
-17.360468
-10.01314
18.760036
15.85876
-10.787031
6.739729
-4.9784236
-20.816977
-29.269945
-3.8978589
-17.719334
1.3173418
6.47963
8.467159
21.05194
3.5977116
20.346697
9.395874
0.4353713
7.4377627
34.205666
7.671274
32.874546
-22.383482
-29.225178
12.187787
18.380972
18.398159
-1.6378937
5.8531523
-3.9543047
-23.107634
-6.4683833
-24.50763
3.3967717
5.9677835
20.798098
7.3766403
-5.8724804
6.6330724
7.57902
-14.164704
11.233521
14.659429
-7.596957
-5.2631397
-14.674313
1.7474474
11.455475
-18.240234
24.324451
-7.5259867
2.4921126
13.418643
-3.1009347
7.8984385
6.9704967
-32.20397
0.4719776
39.738235
8.004188
6.7473063
6.0643783
6.421013
3.4730463
17.731865
39.186832
31.060263
-19.7792
-0.16623265
-7.1740127
-4.6519284
-20.154135
7.024762
-2.596022
-25.788208
-2.7761436
6.9163685
0.24900332
-0.3576962
-3.5622735
-5.0669265
-18.255226
-5.131238
0.2698308
-16.389168
1.0709456
-0.3799668
5.673135
-1.4025495
-3.6349497
16.33535
3.6760793
-18.353333
-39.598534
-13.032644
-8.0156355
-9.642434
-23.949533
0.29236186
16.446846
14.679431
-12.151938
-6.4545813
18.005955
-1.3524584
-38.971104
-9.4137335
-8.657538
-8.025212
-4.433268
14.25907
36.84623
-3.9903188
36.111305
15.977107
21.398602
3.5809932
7.8004847
29.471376
28.545525
-14.9110365
-10.846024
-5.538856
-12.020444
-30.473944
-12.005589
-4.622991
-15.098727
-11.043397
-19.231184
2.0719054
-15.569654
-6.5564694
20.946556
1.3601663
-13.047227
13.093009
10.907347
-4.144257
-1.0750151
-22.924683
-4.4227543
-1.9641125
-6.0202403
16.863487
-4.431788
6.0161996
-2.5573432
-20.332483
-13.803
9.455188
13.327712
-30.933445
-19.025703
8.176697
-1.6171205
1.2410893
-28.097542
7.3329844
4.4577427
-12.126779
-14.947664
7.5928593
-7.1717577
-7.624465
5.724351
17.078362
-13.606438
2.5002115
8.589653
13.203821
7.582546
6.215455
12.502462
-7.4086123
-22.967443
-20.853283
7.571295
18.601446
11.67352
-12.763767
6.933743
8.063438
-1.167961
-15.096539
-27.585415
-36.944702
6.6669545
8.645669
-1.7249266
5.4733605
-2.124726
-24.166533
-7.5039873
18.547176
-14.258888
-31.802128
6.0915985
4.0828943
15.559238
-3.4950967
8.956427
6.9737597
-11.032884
-0.30663118
1.8838693
-20.588877
-19.903597
20.551113
2.2634466
2.73198
-8.805134
-3.35418
-19.692247
-2.9523323
-3.5310326
-11.46703
7.64792
2.324184
16.170116
16.125343
11.265758
33.538155
-1.449955
-9.526451
23.86041
47.89667
0.0451738
-22.848185
-6.531846
1.5279027
-10.293829
-0.62758934
16.260334
21.070932
6.8010254
-40.908287
15.797563
-7.9764657
-13.158929
-0.96789247
9.108303
8.388787
-15.199973
-1.6825774
1.4031752
-10.124624
-15.815533
-5.884783
24.300291
18.350153
-1.5116107
8.361138
-5.3493953
-4.2008114
5.7593184
19.377254
10.914412
32.591747
1.1420852
-8.933878
-7.4351716
-19.731623
2.3266218
-24.311523
-20.257296
1.7452321
-16.566261
29.879482
17.716137
4.11077
5.122257
14.128367
-4.6035504
-0.51154625
-19.146376
-7.656542
0.0683689
4.732459
7.81115
-5.0232735
-5.944052
-15.174983
6.4163103
-13.090895
6.5624385
11.941449
-12.088953
-14.240597
12.955577
-9.329335
-0.5100265
1.9873888
6.257245
9.884462
17.819378
-10.831089
-23.767954
1.9019783
-3.6562448
-15.102186
-26.00948
-9.174477
-5.268677
-7.1932874
-8.210239
-9.115898
-42.200016
-12.381095
-1.453491
31.200706
29.491146
2.781994
25.158169
28.314732
-11.873811
-2.702412
41.18083
1.8115559
-6.6172867
2.926392
-5.634627
10.511468
30.040724
33.862835
14.797649
20.944166
18.068066
18.902796
6.3229256
21.716158
-3.3990688
-6.9489064
-7.814161
18.053322
22.8184
7.0979753
-14.874247
5.835067
21.721031
11.35789
5.959976
-0.8316848
14.993998
-21.600426
-16.12329
11.981507
29.780638
14.580429
6.0135207
-19.638382
23.12387
29.067862
35.2572
-17.261477
-2.155446
28.987534
19.282515
-6.867695
19.207026
8.973591
21.078222
44.907997
-23.88722
9.692543
28.03259
42.7082
3.7406166
-24.684977
-16.676422
14.414338
10.639655
4.069354
2.4230344
26.931486
-14.509484
-25.51823
7.789444
4.222301
-19.61189
-10.12326
-11.015862
3.271782
36.6048
-16.990648
-31.37369
-10.247594
8.620762
18.695515
25.714178
12.489538
-27.457682
-14.22095
11.130772
29.79439
-16.79617
-20.864035
-12.444177
17.011883
14.854379
7.762106
-16.042889
-15.315285
13.178439
-21.158796
2.924106
-3.256135
-0.72315395
-0.6581761
-0.78406453
-21.710575
2.782333
-5.1564775
31.07164
-8.504342
-8.998356
9.4916315
-12.625075
-17.301365
4.0398073
-2.5355747
-7.539154
-12.760559
-15.590009
1.3078866
8.076115
20.50061
-16.74726
-10.634674
7.997129
-14.433178
-26.804886
-6.0335455
16.766733
-6.5726986
17.037493
-18.817131
-11.462181
1.8373632
-13.903951
-27.07561
-10.255618
19.47401
-10.801268
-18.951908
4.403401
-23.583551
0.8128622
19.548172
31.141706
-15.700096
-3.1386938
30.715183
-19.529713
-5.1663013
7.54413
3.5060241
-12.079439
3.4406946
-10.954465
-21.60131
0.68978214
-2.6539207
4.2141743
6.417754
25.947117
7.409064
24.139824
1.4247693
17.800926
-9.682788
5.9218216
14.964173
28.750864
-0.86791676
0.5928102
-8.032864
-20.809084
-5.364249
-5.536692
18.208971
1.4669021
-2.6409948
9.742875
0.9412558
25.829521
5.6669793
0.30689025
-5.0179553
-9.169356
9.521285
9.44103
6.5796423
-25.163223
-0.833432
-17.05141
-6.2302036
-3.4366517
0.97568226
23.909422
-6.298156
15.278636
-12.670084
-7.7850513
17.483837
0.36535773
-13.11777
2.4385843
-16.72277
0.7182686
-6.405149
-1.3710891
2.0278041
1.8666766
-0.5704521
-20.246775
-22.70049
-35.486385
-41.588993
1.4473282
-9.35584
-8.529073
8.577625
6.2815547
-23.63955
-13.565612
0.020105228
-18.254848
11.860967
26.756126
-3.7585216
-8.206261
5.727055
35.602905
-17.562197
-22.73083
-5.5785384
-6.7302227
-13.637485
-11.55444
18.59898
-9.98502
-3.9392083
10.254501
41.608
-6.329746
-18.160368
-5.828277
5.7367887
9.634175
8.799051
-31.939281
-15.239383
-7.659096
-7.2808614
19.149462
16.118147
-1.4102379
19.694092
-10.762378
-16.952837
-19.6296
-6.425664
0.7108702
16.162994
3.5885584
10.091784
-18.322279
-1.4392973
20.852146
7.760801
17.945135
-17.362423
9.262653
-9.90838
-12.9326725
-6.817152
-16.00572
-6.557992
7.2297063
-0.26010236
-4.012403
-20.941084
19.19368
44.87579
12.789581
-8.401922
13.132664
25.969585
26.686615
23.834303
-24.628351
-16.463545
8.160294
5.951812
-8.6062
27.54372
17.943527
-31.64176
-26.76293
-16.72587
-24.220856
-12.719541
-0.26324105
23.138962
4.7324047
-18.867077
8.942116
3.7074964
0.20846844
-5.5607133
-19.409105
-18.91447
-11.294476
17.923227
-21.004488
-14.834534
4.357163
-17.013498
-12.657231
28.298077
1.6685215
-2.0892818
-8.275276
-8.00407
18.945854
1.5963283
-8.848983
37.544193
18.030912
31.837683
-2.761231
-22.402355
-5.3971395
-3.9337234
2.28589
4.9192176
-22.214823
-51.778152
4.5115285
22.700556
-1.5259842
7.495595
27.824047
-23.52791
10.269938
8.229124
12.848756
0.8395642
-2.3187969
-15.834036
-16.000458
-1.8810842
17.81606
25.934578
-8.594087
-33.19656
-31.875986
-5.6283784
-23.897722
4.7412806
-6.0052886
6.450242
22.244879
-12.42144
16.010914
32.01538
-12.174232
-18.73777
-11.877522
-4.5038447
22.554682
-17.178062
0.2062987
-12.467246
5.5905204
3.5147042
-26.598345
-13.925914
1.6312627
21.094612
37.67723
-1.2525176
-22.713152
-15.982055
8.371658
-10.131654
-8.843548
7.2270803
-5.0087767
-14.621759
-19.112404
-5.7274613
26.829845
-3.3425624
-1.9101924
11.644729
-4.783085
-3.1420004
-7.989013
-12.310942
-17.631556
-3.1787066
28.086948
37.732777
4.7130275
17.427359
8.733065
-0.35695997
-0.04204775
-12.065622
0.7698996
-20.668402
-4.4514008
-14.1929
8.479964
-1.4676673
-0.93569905
-0.8598296
-9.634157
4.767759
12.106747
4.0698705
-11.539472
4.7261186
11.671742
30.084864
28.173634
-28.413786
7.7351165
36.676285
-12.785256
-19.89907
-5.115109
-8.866651
9.89298
21.579199
19.547554
4.518184
10.900298
-4.2814226
-8.670932
-0.58769476
7.3430405
7.193749
17.285786
0.39376116
-11.598592
-4.9842343
-29.30287
-10.726055
2.1560268
18.212923
3.3553867
-2.1077247
-2.1831455
-6.075315
-7.7399354
-38.990723
-11.459989
4.216606
-5.005617
25.112753
-1.192609
-32.89064
38.833683
30.692081
-3.0783179
-3.7301834
-17.960938
-18.939938
-13.831083
10.855947
1.1567698
-5.8282056
1.310494
1.1204103
5.467252
-0.37812012
9.0050125
5.700991
-16.000267
-6.8758388
-1.1888707
-28.856083
-7.976302
-7.483319
-10.098123
-4.770673
-11.720552
-15.411323
-6.7079544
-25.358524
-16.994205
-0.7044106
-23.13479
13.821304
1.8239783
1.2728816
-0.56177986
20.597229
-0.21620114
-2.5884292
12.04012
18.066238
-23.965437
14.425068
3.3298144
5.8901663
-3.0210104
-7.149954
15.923857
42.51975
16.428352
3.1662068
-13.393478
-0.8254995
5.476274
9.484354
-8.9264345
-10.063171
-3.4169002
8.639852
8.484953
-6.1087923
-10.908583
32.317852
14.495882
12.548893
20.974274
-8.753697
-24.99317
-20.82882
-14.5063505
-6.119067
-4.953827
5.883212
43.611683
16.336756
0.6454782
-12.435711
4.4067173
32.12744
0.51107335
0.8534193
-2.557958
-9.882876
13.363412
-16.801672
-6.6449313
5.200394
-1.522789
-10.8854265
-32.137775
20.496681
9.865107
5.425027
-19.420094
2.9374712
19.067053
4.4859204
18.353247
-0.56616
-14.665326
-4.0256753
-27.893145
-25.131275
-11.1503105
-18.238787
-25.141369
11.157276
22.979597
-8.7189245
13.549755
-7.482184
-15.915589
18.444193
6.9806485
-2.1950083
-21.494957
-15.591863
4.508067
-10.015806
3.7290053
14.835456
-6.6040606
31.430735
5.438952
-13.48724
-19.302046
-14.680785
-2.600016
5.7239194
-28.604273
-10.458515
19.252508
8.661984
20.285778
15.76034
-9.4448395
-30.895708
30.712746
-4.9995418
-13.217029
-33.45627
-25.952372
14.071604
-19.673243
-8.729251
-6.827118
-14.829528
7.6611185
26.002878
24.03513
5.599621
-0.5461141
11.137287
-13.188956
