-19.53831
20.811327
-47.440037
57.558956
-51.420074
64.658844
39.046356
-100.72394
124.478615
-125.948395
92.22541
-141.16515
-23.913584
-6.555005
9.439808
42.513443
23.844522
82.13892
-101.558235
36.54672
-4.365735
33.443695
-61.924007
20.252766
68.52955
-23.343548
56.562622
-39.422188
-31.459696
37.209286
-43.065895
89.36121
17.536242
-51.502457
13.743917
11.490634
-68.66044
-16.787432
83.901924
-52.687393
4.896349
-14.579881
-39.178223
-61.450333
54.09867
1.2518127
8.226944
-26.105974
2.4903665
82.871925
37.92046
-69.598976
42.63759
24.477638
-96.12242
49.15191
7.8963337
26.44838
119.2206
-29.248611
12.193109
-29.267584
41.153473
-14.359684
6.2905464
43.813255
3.2256572
-36.667816
-45.366074
-5.4263887
-15.753056
-11.261517
34.776627
-29.284399
-18.040468
82.83899
80.78431
-3.5029378
-7.6478295
-17.009396
-111.29563
-31.943552
-21.954786
39.312397
-14.814967
36.98938
-22.953281
-26.661118
7.4132895
-136.2221
29.298365
53.604256
-37.05756
-93.82972
-97.58128
-36.20618
25.401043
27.553738
19.632076
-38.398354
-52.69486
-38.11492
102.47186
-11.159477
1.0252898
12.148823
135.7536
-70.25475
26.411623
-22.006672
-92.35759
16.462254
68.57027
-127.241646
-37.027573
27.242407
-74.910835
21.720888
72.26078
-86.21989
29.84204
-76.72168
-70.88342
-96.73977
-17.850178
13.817507
6.556901
10.675729
-67.053055
-4.579373
38.236477
42.30905
-34.25471
4.7120986
29.904604
2.8920481
-76.11618
0.47535253
-0.4215634
27.992567
-8.267057
-16.12516
-19.706636
-6.644271
46.731342
43.540833
99.34081
-11.170376
20.264776
68.782074
-36.921875
66.283676
1.904262
-23.940899
55.922478
18.22467
48.899025
123.32138
22.339985
41.84982
-7.7177515
-18.424288
-34.47672
47.679897
60.171513
-43.58507
26.419945
40.371513
7.0808897
-49.363697
-49.409485
-9.0145855
28.04732
-17.50334
52.726067
12.061461
-25.520966
54.112114
84.25133
19.969666
-66.484726
-21.958717
72.89416
-31.023724
52.36222
95.3224
20.08389
97.79511
-27.41585
-34.621155
-29.27645
-13.638797
-24.110264
-46.32138
-12.578428
60.30176
6.6626253
24.833109
-2.650056
18.229431
59.908314
-51.90868
64.10568
25.137829
-30.581266
-42.022556
45.246117
12.782118
18.19812
-26.72392
-113.47448
-58.85867
26.084288
-90.00863
14.845392
-71.44863
81.15638
-23.812353
-44.75051
23.875513
-31.083937
1.0647495
-42.436863
-28.028938
9.467431
-61.198338
54.448986
19.845623
24.022005
18.79363
-42.069557
30.38165
-15.422515
21.78228
1.89398
76.23874
-105.71423
-62.319813
32.37264
17.612434
37.32153
1.0943781
-82.18609
25.669683
64.96933
-34.51916
29.862162
59.797405
-102.286285
3.3036354
-87.882904
-33.096825
-25.68587
67.958435
14.467625
3.1653907
-25.460709
9.903983
-7.1204243
-36.994545
-47.797848
16.089445
-52.478672
-9.6379595
37.188225
-56.908875
-43.32297
45.65185
22.103281
19.471992
11.949854
-25.074186
20.312927
1.6019471
46.260326
-2.1707726
50.11026
-63.04845
-21.500132
84.55815
14.902484
-73.869125
42.879646
11.898565
-17.799904
11.168413
35.56256
-1.5808406
22.668406
-22.194418
26.244549
-41.820404
-29.668907
14.89573
-78.98514
-66.20491
0.048024625
118.79563
-4.05927
48.546146
63.513863
7.3493657
-21.740023
-28.351086
24.114544
-25.58286
-31.532475
-1.1754692
-79.22043
16.886303
14.793905
-126.10338
88.54085
45.02378
6.3110213
4.5120506
16.899218
8.715001
37.704105
37.021202
11.580456
49.80954
24.495228
35.340828
-39.518356
44.068027
-10.976669
10.56381
-21.781513
-32.790867
-44.78248
8.688541
26.51009
21.043196
-69.62587
-66.25609
5.1060367
5.9020557
23.331211
-7.010412
-8.803747
39.67506
30.439651
0.7997864
-34.941128
-15.576521
8.283061
-108.62451
120.80493
-43.6277
-81.65753
8.917256
7.259066
49.672836
-9.582271
-5.4129725
-89.22556
68.33166
-4.9689927
79.68111
42.235615
-74.26664
-105.66216
22.468672
33.428055
-40.97936
8.721636
-7.730695
-12.714544
51.19276
-17.872194
-10.973576
14.213425
97.566124
-2.713474
-17.884182
-46.431023
-6.3128843
35.41562
1.6012338
15.837858
-24.289888
-68.457054
-53.07385
-56.038704
35.102745
4.438012
-3.4347928
-20.062641
4.5897865
-16.406712
38.309013
-21.890121
21.058184
17.092945
13.007731
-8.506135
-15.971341
-27.751747
54.05072
138.89363
-53.98598
-40.148315
37.178684
-25.117422
-37.7835
7.228517
54.908947
-48.52403
20.212387
62.21537
-22.695347
-15.184021
-59.087193
-13.362793
63.5443
-75.36694
34.248287
-39.78281
35.773605
-42.155655
-2.2728648
-118.22822
79.69923
-65.783455
100.30155
33.361473
-3.6447334
-51.4336
67.09707
-27.208006
-17.774076
-22.062925
38.642086
4.02893
46.65421
40.90844
10.382035
-66.86509
34.97703
-33.07025
-30.414146
44.170425
41.858147
-43.228683
0.7770869
-17.353579
61.49644
50.627728
-10.325103
-31.34249
63.486088
52.694263
-7.17063
-56.59647
-16.375237
-13.83289
6.143473
14.976921
-16.869736
-10.959872
-32.273346
36.9366
-41.84736
-26.696222
5.6882343
45.580986
12.677857
-10.033766
42.374416
-34.320374
37.168194
18.695568
-0.96456814
-52.285774
49.386974
-116.491455
89.60371
-8.529187
31.999987
-1.276778
-7.0878158
3.6165102
79.108376
50.723248
115.49955
36.363995
-38.512424
-24.875925
9.897113
-27.457598
-45.866093
33.21426
30.615093
-49.629665
121.72385
-41.092014
-50.51091
23.49363
-92.05188
6.5918736
-44.419853
-34.5451
50.421253
-46.30997
-31.003984
-60.41022
21.24253
-67.70928
32.15362
59.155674
-17.949593
-19.83994
40.36905
-78.81703
38.531452
34.42727
-6.7482047
7.8915005
3.5545044
-10.808733
-12.706922
85.92038
-13.432533
-9.600277
49.916416
-28.941612
-64.41434
49.08738
-12.580465
-92.88762
16.732435
-50.986732
-23.74336
58.288326
-110.84543
103.03495
-116.148026
91.75446
20.207182
-48.53629
45.246094
-45.291832
103.23365
-58.75225
13.851771
-25.869736
-70.94545
-44.64956
-23.671751
-70.59854
20.167753
-9.516671
-32.019516
10.604201
-82.12955
131.24336
-65.50508
-58.99252
-28.08527
23.666466
-11.107563
47.86528
25.86147
26.34446
28.591822
97.309456
-33.25534
55.97752
44.69293
54.47114
-25.364376
9.146487
127.48386
-40.980404
2.116333
-2.876534
88.99603
-50.123943
-27.591904
-24.793802
3.8017812
34.226357
-0.6460211
33.18871
-25.008154
-72.30172
-35.793064
22.885023
28.929832
-22.619112
43.631523
-12.056839
-14.098689
27.805086
64.91847
50.765358
0.9047944
6.222728
11.497796
-26.62901
73.464775
-58.40268
-34.369453
52.682384
11.576105
-33.639908
26.785908
-55.349
-6.0950003
2.4940577
22.253765
65.508545
-10.550076
25.79016
10.794931
-21.790905
77.9669
-35.137035
96.53397
-42.493874
46.448452
-43.478107
-16.149912
32.42991
-42.188873
-42.493866
-27.898481
-43.523598
-8.279246
-41.538124
-12.567944
-0.7442086
-17.695518
-80.28258
-101.30005
2.2743795
-33.82324
-72.69578
9.903481
93.93494
-5.8395147
4.9808345
14.615994
29.505287
-54.957184
45.05777
-56.03594
45.834606
4.951188
19.631487
-9.748536
-69.65037
13.136982
-2.161583
59.69699
30.122652
-42.46975
-53.27739
-29.60907
-121.21736
-17.6243
12.209421
0.03484079
-19.067505
23.215746
-60.15019
30.205318
34.61489
78.27737
-67.51428
-49.436584
22.05527
-52.754475
59.68852
-25.110996
-83.12371
-73.731544
63.678852
16.437506
-28.45121
45.184563
-78.241035
-22.119604
-25.26407
18.257286
71.05488
-41.602516
38.784267
71.1054
-4.338485
62.888966
-23.32616
12.095374
-6.402254
-7.5041494
-15.076473
73.12885
53.06718
55.66398
55.624805
-19.094135
10.4586
28.95944
-75.47672
-80.95803
2.1414244
-61.568237
74.67221
-53.829212
75.52053
-24.540731
25.640423
-49.950558
37.098267
80.86011
-38.954586
-9.022351
87.73749
-84.95957
-61.514015
70.7015
93.34039
33.065224
100.11981
29.097897
-48.32723
23.669388
79.05279
-13.110975
36.618988
-62.4021
-38.508553
75.78916
39.235153
-61.887394
-21.476833
-0.2979039
-8.478523
31.957212
82.3172
-36.194073
46.89101
-19.648066
15.897869
-47.684544
6.688982
19.706541
0.21800017
-9.334387
-13.837918
-18.559679
-102.10669
-18.642332
-44.433086
18.065472
20.046797
64.976326
-60.68214
-29.344055
76.653725
17.43713
-36.39526
22.687532
-29.91618
-45.367428
-11.990979
-53.110615
45.807537
6.775042
35.967403
1.2405449
-13.3724575
10.295096
-7.925128
-64.0243
11.876873
37.65599
13.102489
4.1086016
12.638701
-7.297915
-38.713085
-30.943096
28.775295
-58.81513
-101.972534
35.757668
-6.4977508
-38.719406
2.2128458
-2.8910434
-35.706882
-69.20802
2.2894614
72.86624
2.5252182
-105.21159
-48.55898
-13.47905
74.27872
10.159544
15.175849
-49.29475
44.699005
-18.962372
-69.86666
-37.48898
17.790482
70.03505
6.568897
-34.58875
-3.2799242
65.33704
-77.72128
65.55967
69.255264
-26.50218
33.471657
7.7407317
-74.43824
-27.178202
-48.586376
91.94039
-21.985725
2.624486
-82.14517
-47.15367
-26.665287
27.289606
21.169085
49.45998
-98.11968
-29.207516
-21.522707
35.3073
-13.899381
50.04585
24.424007
-2.5581865
-0.7120923
28.25943
-2.9722805
-36.22526
-44.60785
76.88523
-5.508267
23.34361
-40.445072
43.57774
20.63332
-16.600304
-8.132271
6.851429
70.40343
-64.50107
32.74227
52.78095
45.469086
-40.842606
-49.575603
102.00818
-21.692286
52.47721
-60.847725
-42.2842
-87.49416
-7.7442727
21.85893
1.1405034
53.742546
4.964508
-17.000038
14.582896
5.060247
54.832947
-4.4357657
67.219826
21.331175
10.168982
-33.278126
17.007145
-42.871296
50.796406
41.674553
75.40003
2.0791872
-58.6455
-71.95155
47.560593
57.310772
71.53058
3.1542606
0.03569149
24.32914
-50.71571
87.862656
56.59363
20.189886
18.52333
-36.45338
15.508038
27.526571
-36.46969
-65.46513
12.580189
-56.505875
-76.40028
-32.824337
-57.902985
-36.26216
73.763855
15.519992
-29.777237
61.90036
-31.376162
-57.621437
55.24492
-68.08026
43.59668
-31.870441
-25.507278
11.318466
1.95085
25.39789
58.639526
-94.61392
63.08728
-75.20819
22.129969
-58.15943
104.13327
-88.74499
21.835203
-21.736607
-41.745903
61.032124
-51.44301
83.58441
-81.96547
7.67466
25.08898
-66.444244
-17.09511
14.5593
26.258583
9.57118
33.60687
-102.151115
-41.599697
20.453205
-10.823478
17.58997
13.455502
-32.832886
10.546233
52.495262
19.322756
8.816552
-78.40924
16.739782
-19.11031
-21.567223
22.488466
-33.103504
2.3430285
27.787369
-4.29748
65.433014
84.079834
36.894974
92.551155
11.349337
49.1779
-83.94417
-25.61165
-41.324696
25.349442
-37.47055
29.669334
-78.349754
80.50952
-7.1752853
39.032852
-47.40852
10.070131
-13.265251
-22.99235
2.7448092
22.781513
-43.301975
-55.6163
33.608227
57.19936
-34.319485
-121.98454
77.78575
14.926763
104.24249
-49.300507
105.26847
-98.2425
54.501366
-28.904318
8.955889
40.4326
-50.524124
141.60123
-98.11303
61.55214
-83.603195
-5.1448984
13.971286
43.969093
11.967384
60.917854
2.7914705
-58.376118
-12.631851
33.653965
-26.008127
-7.491461
0.11664283
65.9262
35.17292
-85.1226
45.417706
-62.196712
62.637653
-56.892185
-65.965645
51.112762
-42.2131
-8.371933
-147.56805
66.31245
-64.510025
47.824375
64.951866
17.997364
-8.358638
42.70404
27.303747
34.83518
35.31616
-95.25993
38.17077
21.947111
-35.232994
33.608116
-22.521278
36.52827
-17.035944
-53.24822
37.64584
3.3769355
-8.999876
-82.23374
-37.99266
111.03965
-25.351248
-10.804851
-41.608746
-52.020554
-36.414665
-4.862162
-0.44223857
12.198207
-24.502506
-67.235954
35.580185
-100.99091
33.82638
9.863653
14.528409
-15.449297
-41.28781
104.80222
-119.93032
-59.32439
-41.55892
30.539309
80.3162
-75.817406
16.609863
-48.08166
-65.65322
17.391712
-19.355673
-16.941607
101.85083
-102.496994
-40.771606
35.42517
42.80449
-89.32988
-49.149956
146.79532
-73.76008
-9.032655
-55.327457
23.67953
-56.67879
-2.5277057
-52.02176
-40.512894
65.0164
-54.994476
26.829245
70.58956
3.7653055
24.59518
18.560324
-14.460448
32.57104
-71.605446
80.71302
-14.214409
-24.311153
28.422089
-80.88955
83.014946
-6.0241427
-69.16228
-14.768614
19.835201
9.646678
63.038006
6.348983
-28.953527
31.371885
-6.745874
60.152676
29.661358
18.50247
60.860317
30.496292
-6.9319525
-90.53757
-27.707087
-38.501705
-7.130859
43.600132
113.571106
64.23472
-35.7894
3.0665596
-48.652557
-11.787867
16.565441
86.98512
7.435532
-53.341423
-32.01885
26.540056
47.57496
26.063023
-36.45031
-2.8644507
49.415882
-0.18968785
-25.935568
97.75593
-33.23118
45.210964
-25.885393
-23.568483
87.84797
60.23696
-54.58251
46.171734
13.596804
23.62154
-6.6742926
-69.725
-52.393284
68.422966
-55.259624
57.930977
-12.222365
-2.2890315
-3.031737
53.611305
20.022911
12.75302
-55.202946
-16.092945
107.889984
-20.964668
6.221815
-20.32451
-14.228465
-58.655033
98.30434
60.867905
-14.749459
-39.572674
-42.323624
-5.938261
-140.87317
23.33712
38.3991
62.903114
3.3959942
3.1177444
19.865337
15.4726515
-94.09826
26.99675
-10.140261
41.31255
-27.275307
24.134357
11.293524
-71.24143
19.501966
46.04534
2.7742224
-7.0703964
12.279186
50.610283
85.57916
-13.268666
50.91502
75.88052
-122.558266
-43.00225
-23.355822
7.257975
-15.961201
-35.91753
-0.15762292
-90.75267
-51.869064
-23.53458
-29.736115
-3.2935154
-2.0512545
13.211551
48.89085
49.868374
-1.6474651
-74.81667
62.89167
-53.392063
-35.18783
-38.743885
36.735428
23.076544
-86.018456
-26.436302
-62.527176
31.144222
44.91394
-39.140697
13.662842
-7.8831058
-11.073029
-51.992424
21.044382
-60.091034
43.859337
-7.2963905
54.748405
-2.5755126
-57.592186
9.045325
-43.00686
81.98492
-35.20499
-60.39245
-9.734362
1.199988
-39.172398
13.566317
-23.202042
44.216473
34.000027
-16.6748
-41.736973
-11.949064
28.898417
18.68251
-64.340645
-94.62953
9.641683
29.47788
-120.61155
31.232336
99.8815
15.021088
25.646547
-55.01576
55.436024
-14.673248
53.916576
1.6404618
53.63481
-18.009003
-0.7022304
13.685679
54.830383
12.623734
-65.52551
46.062206
45.089916
77.93793
4.190243
97.437584
-24.677917
41.811344
-64.45589
51.074436
-31.642618
80.9493
-19.71833
19.539724
21.212282
-48.611507
8.964193
-30.794657
97.21948
-6.4995747
-30.16234
-27.628008
-21.899595
-84.797264
-19.301826
18.121124
-28.486422
-3.6796298
-31.094233
58.792946
-7.8336835
0.4442963
75.41178
-10.138754
9.121364
20.796808
-40.013912
4.6548934
-56.141666
33.553047
33.224728
0.25083998
10.199834
35.97235
44.303776
17.913424
0.66600704
44.321495
53.791985
-49.517235
-23.920729
-8.858003
2.4867568
36.91062
37.804493
1.0707493
-63.146187
-27.791502
-22.979116
-24.610466
44.47192
-68.49287
0.7387905
3.0803065
43.149544
16.506392
19.127794
-39.498516
32.75958
-23.435154
-20.716745
30.279287
63.84491
-63.890354
90.29475
-80.411255
10.905696
33.127357
-22.93612
54.363922
19.55021
18.226864
45.34711
-78.030716
84.24371
-0.16148695
64.66577
-80.61099
118.96005
-78.7035
47.91803
59.19903
19.778187
-43.250443
-14.735242
57.561756
-112.01713
69.247475
-5.4007225
67.308846
-15.155062
-25.225368
5.087871
101.50704
-27.46115
-19.767635
1.1620258
-28.371994
-23.400366
-84.43828
-11.279101
-30.35163
-63.69107
118.26282
43.81316
4.05084
27.248596
15.987102
-53.21052
105.12947
-59.823284
35.98862
93.75151
-42.949898
22.891714
54.026386
-35.947018
-51.778618
18.86998
-63.319485
-13.6656065
-72.336716
35.0465
-8.5287075
26.531168
-99.572815
26.206087
-25.21969
-19.727964
-1.5904632
2.9991443
72.04933
-3.8894176
41.17025
-62.910107
54.779984
73.36663
63.457928
21.49064
-67.23404
-6.2509685
-15.009433
33.084435
31.27375
-54.847973
-56.515408
65.597015
-12.198234
36.880928
-72.47609
60.69505
-47.5899
-83.039406
71.214554
27.050177
20.753408
-34.009197
6.760555
-95.46907
-31.393145
-3.6511273
-52.521755
74.821884
31.079342
35.804413
-24.538858
19.614983
-106.76218
5.457606
-54.0842
-59.481354
2.8495965
-13.439343
45.78574
-100.86462
20.468142
-45.688507
22.029327
-97.66616
48.623383
-52.751873
98.75273
-21.851263
26.724716
39.31509
35.96826
15.207063
10.8785
4.854489
12.22598
22.451609
-25.897335
38.64488
60.80305
25.903168
-106.60883
22.111965
-50.45685
-3.563195
11.90418
-48.747425
-59.97275
-1.9760149
-41.411755
-27.288256
33.36346
-93.45889
-3.9170246
93.400055
43.469074
87.43481
-140.40976
121.078125
-89.244
15.303568
14.437465
15.041612
-101.22258
-80.45266
-25.477678
-42.456196
4.0203257
91.084206
92.85275
29.14945
10.043648
-106.1932
21.184214
14.013346
-18.301474
52.455208
39.79625
-74.50668
2.2831705
90.2528
7.8631506
16.99121
-25.230375
72.43038
-47.426575
-4.451152
-48.496433
4.0508547
78.14487
-79.97805
51.501907
-117.042404
81.95845
-50.864502
-29.83426
6.9276404
-15.550362
-35.511932
-25.668856
-55.6134
90.86423
-29.00867
-23.647543
-24.842459
9.072171
44.191654
48.653667
5.4409375
7.406162
-83.6072
22.208914
45.182312
-13.971478
71.711334
56.86904
17.966036
78.109505
-17.792555
47.729755
-127.343864
52.504692
42.276226
107.47128
-0.76432085
80.50994
-67.95466
-28.553593
118.73467
79.62825
42.667755
-3.5139618
5.2215147
-30.849787
-23.540888
20.90948
-15.48203
-9.862041
26.418041
-112.243004
28.028795
2.5187778
91.93702
-34.174908
-8.743723
4.0901866
-92.480835
81.164696
45.147102
38.8941
43.248413
12.174374
65.75169
-78.30277
27.346643
-82.953766
37.580578
-7.816402
103.19037
34.09763
9.762949
105.41108
-69.65263
52.47596
0.49814892
-55.53078
-52.3054
-3.288435
8.135229
-73.51517
-18.128315
-120.85822
50.40915
-77.96895
43.012318
-68.25363
-8.95744
-12.248877
-34.05395
23.82109
-89.7736
-23.161036
8.451708
-54.010353
-35.176926
35.152275
-50.28393
-82.57932
-39.58533
-9.27994
35.348278
71.96629
5.23543
-69.5815
-113.65387
-19.92389
-48.524746
-0.95643514
-14.795942
46.880417
26.489931
-17.238485
29.440649
17.015453
21.11465
-63.57432
-11.286894
73.86767
30.921309
27.726227
7.463108
58.99061
-9.446131
-42.20084
-44.4177
34.7802
-45.885048
-6.5663223
55.057274
19.472002
65.020065
-36.552937
-36.36452
-46.870956
-79.71944
-105.42768
25.04762
-46.885445
0.43589848
-35.6308
-8.101364
-78.402664
-30.371763
49.773697
11.08159
46.476433
-4.39849
105.197296
-3.5335534
100.89014
-30.87669
-6.458347
-8.1955
5.411815
53.97926
23.501688
56.900185
5.0691156
130.12578
-25.799019
-26.268467
88.87023
53.41154
-2.996954
-81.82589
-60.643406
10.480695
23.288591
10.920647
47.745068
-1.9294796
-1.8622985
-72.48396
14.595797
36.364586
-51.649357
-7.201406
124.64305
-102.014404
20.004683
-56.189342
-25.840693
-76.54202
63.67151
64.33221
-46.849346
-98.3954
44.81954
-0.090437904
36.80613
-59.947533
-30.740595
16.650969
-82.102844
-1.7301614
-25.93711
-0.534153
-36.529594
99.8319
-5.6419516
-45.546043
-5.1371593
63.211357
51.441273
-5.401914
93.345955
37.062244
-11.90119
-38.291492
21.331533
-11.634627
-73.497894
-24.387226
11.559107
25.550573
11.159731
74.672806
-80.70079
-8.736974
-85.98477
-33.55589
-34.3641
8.7203045
10.426735
-28.257116
-6.397045
-18.313478
45.394753
-13.535699
45.95975
-21.055082
19.76025
42.577827
8.5281925
15.478332
85.259735
12.045361
45.899063
-23.395737
6.9091663
-3.8579705
-8.6359
-4.8679495
-29.310276
83.19552
72.62031
-36.378727
-43.60297
-16.994125
-17.741737
67.081795
48.577007
28.399847
-58.8508
21.145584
-54.995823
141.0014
25.6163
-13.445106
-20.47087
60.947468
-36.112408
-55.853443
-38.467384
134.3923
23.825815
-125.1749
5.0435123
-16.271482
-7.399598
-0.4362325
-47.686695
20.525007
-11.775363
66.472595
18.344416
-38.51811
-20.41455
27.177738
-151.83809
75.64806
-45.398933
58.62925
2.4525218
52.445976
-27.840279
-58.63895
51.91381
-5.3781276
31.629194
-1.2560023
4.8112683
-38.964123
87.19568
-13.495758
7.185114
-38.289497
42.844303
40.20256
-94.639305
-60.888596
28.233763
17.203861
76.74986
-42.387108
-12.374641
50.819794
-84.16473
-45.166164
15.857863
-21.413803
-7.9343615
41.44601
-55.311195
-7.2223477
-17.279976
-57.958607
110.78378
-24.108406
81.50813
-112.034904
-7.330218
-34.826912
33.549202
-3.865864
31.441116
32.234146
-47.517605
-4.447421
-85.357544
105.61215
12.585292
6.115742
-104.61446
34.94674
79.99858
42.172226
-122.24395
33.25369
-68.7804
64.76711
14.343669
2.2243829
52.734264
-48.294956
82.299194
-0.36609465
-16.194838
23.52002
-47.74748
-25.312796
15.287544
-47.08455
19.753832
-88.69788
9.54275
-76.34864
-12.326594
5.3870516
-24.382904
3.8389702
-43.956467
-21.215508
-27.681574
-2.303928
-58.252937
6.4720554
-62.905262
-52.350204
63.46408
72.902115
35.45859
42.059147
-1.6636299
-18.273237
25.554592
32.627335
65.8918
12.182029
-39.420708
-22.20552
16.06494
-51.352142
-12.724367
92.42287
-7.3965406
65.171616
12.555081
-13.644611
-30.956284
-14.835657
-35.854866
5.9448338
-51.712616
-0.49241394
-104.41844
19.839705
83.302284
-10.074288
-130.8224
13.427252
64.29596
39.375156
76.63087
-39.205853
-16.149376
6.6654124
19.520327
-12.749043
-62.451775
38.825417
-25.934378
-18.184322
34.66144
3.029059
6.3165336
28.82825
87.584984
21.505804
38.07213
22.752722
6.070104
63.284504
-31.466413
35.03689
-32.951084
18.50839
17.321733
71.7709
-47.33435
75.46529
-70.473465
39.204155
-97.64451
55.974865
75.36374
-47.895267
-62.258812
88.69575
-59.36758
-79.27588
3.2985694
-26.5908
18.638857
17.477207
-54.573566
31.21169
-10.356303
-10.153665
-2.385667
35.237106
-37.627945
3.2484326
40.42731
-19.705362
92.94129
-14.228727
55.593716
18.914644
59.59387
-3.7587874
-16.496023
-34.982975
26.9733
-9.083353
-23.792027
-80.09256
-14.698051
89.92498
-11.181081
55.677578
-97.71626
18.647638
63.69706
-24.550167
31.179157
10.993297
0.75349754
24.844097
32.145992
-6.5565104
-91.50429
-26.5819
-44.12869
78.1866
-117.30341
-19.708033
8.971026
28.78003
17.17745
4.6784735
-43.009655
-70.87836
-34.056976
52.79828
-54.083637
168.83623
-42.26532
4.943461
-120.79449
40.879265
-34.667423
15.194761
101.06865
29.615444
4.3297014
29.420918
-12.9862175
25.022078
25.122316
35.789608
5.880665
44.425797
-18.332664
-26.287079
17.198013
19.721123
36.52073
-36.461155
-38.240852
-20.04469
-116.00127
-0.88059765
-25.977154
-4.764683
17.25161
-4.890849
-52.59713
24.936811
36.74408
33.488968
-33.834404
-11.2602215
1.7152776
-13.494105
42.57287
-86.7464
48.215355
-11.82788
-4.352667
30.968475
-40.733837
8.700676
1.9251633
-68.465
47.17437
3.766888
-94.46672
-4.3008075
21.803234
42.253525
-28.879461
24.605518
-6.2000303
-39.63578
109.778824
31.108326
-32.432625
-18.24636
80.23994
-113.02067
-115.51184
-26.80396
108.65673
-5.8279166
-30.756668
9.798977
-18.969175
19.26254
-43.704376
-71.61284
77.06688
-82.69435
49.615555
-48.27003
49.118183
-81.98913
65.84321
-36.927628
3.343134
-39.718063
-17.148
51.669308
-20.61289
89.99426
60.533566
-44.329517
33.578747
57.188538
-55.54725
17.944214
78.97826
11.722674
-51.158077
22.813898
16.039305
-32.394547
50.79575
28.846947
-43.28526
82.7373
-73.6919
9.779648
77.354515
-4.9367695
19.28051
14.362707
-2.5803905
39.082363
15.171633
-11.312584
93.00625
75.68447
34.62348
4.5792933
-46.4047
-37.163593
-7.771673
-36.033794
-45.657116
10.508253
-19.394747
-45.824566
99.44147
-73.90875
78.796684
83.94568
-42.54597
35.92626
37.019707
-38.73157
-70.42134
-23.810465
-39.237305
10.301889
-5.681416
-37.288246
34.149567
10.175173
-0.97919184
11.239615
32.037827
-26.119213
-13.022659
72.70785
29.562958
-115.07315
-91.34478
-29.05154
-42.68267
59.883022
-66.639755
23.700089
-20.515816
-19.914757
-117.36555
74.74535
-33.624393
6.5154405
-46.72796
65.53356
9.29141
25.409998
-49.965744
38.425934
-38.599316
2.879136
-126.66374
-64.203636
-30.733763
-51.28591
-14.600175
72.02147
-65.62017
-44.351776
-11.31104
-16.019337
-15.934683
-29.438345
0.82919073
-3.0769026
59.89074
6.6516967
-80.16233
27.673748
88.755745
-25.023172
-96.84249
36.605576
36.16611
-71.48965
-1.6442752
16.193285
45.012363
78.43633
41.53322
132.42511
-20.89816
28.314793
-54.355
9.027713
-3.0542812
15.353388
-26.521387
9.4063
-7.512049
-38.47553
15.993548
-22.248096
0.19036521
65.88692
29.984282
82.52903
-12.386939
-14.873
25.571293
-11.615939
37.11443
44.349537
4.1141405
36.27823
24.14176
54.48359
-32.198387
-29.574978
-37.566067
8.045965
23.309458
-60.589645
91.09128
-80.54246
66.96087
65.70817
20.57104
55.179413
-21.139093
52.503773
11.198609
-29.02343
-3.3207476
38.047638
-28.052532
-67.67813
50.765366
-57.112736
-1.2878954
7.994781
65.97071
2.8919542
56.611675
-27.483183
-10.369471
50.28411
-18.11342
-31.095098
-9.83709
-129.37712
-28.63093
15.66478
-101.48442
23.237396
-25.310799
70.12461
-43.06588
37.877434
40.3668
-37.76464
25.816889
25.49619
-53.09381
-10.010712
-1.9674072
15.998637
44.59807
54.83134
-93.06546
-3.0406878
0.27081922
49.711468
-61.963985
-61.484924
-112.14041
-59.154274
18.072588
31.555243
-84.56545
-9.356433
-5.4080763
60.63756
-15.058307
2.0800066
28.61643
-33.286488
110.82188
-44.382927
-2.65857
-56.481712
-31.532873
-15.260948
27.772247
-98.2098
-12.374626
49.75724
38.038002
-43.4681
-6.040156
49.74994
33.571266
62.324966
19.53545
-78.94485
47.91259
-45.82175
47.38584
12.582384
18.676962
-54.241974
29.969976
4.3386736
109.1502
23.426699
-3.0399377
-17.335117
37.50561
-18.15648
-95.177086
49.59509
-29.048487
18.760988
-63.738285
37.780884
-19.22078
17.068123
-48.43424
-2.5866823
27.526245
-4.8187227
-2.0922728
-14.46462
60.95277
27.803242
-57.359783
-100.68828
71.84083
-9.624361
142.77579
44.30924
-30.9001
-18.083748
56.591675
-28.193748
8.535116
-7.350329
-71.69848
-15.697608
-7.546758
20.525112
-116.15517
55.195904
-68.30832
47.211285
-44.34853
44.437004
5.05578
22.855114
40.02787
9.489477
-22.439291
47.960682
-5.859343
30.721668
-23.569723
-41.175144
-4.1504154
3.6913388
-9.437993
61.29226
3.299383
-82.6782
-96.084946
44.70644
40.3549
-14.622119
-57.210693
-18.088951
17.883974
-44.405132
-42.78882
105.3087
18.158726
-61.785664
-73.22375
47.311646
-76.46974
64.591736
-7.0560327
25.385414
12.319524
-43.259563
13.416084
-28.841368
42.837177
-75.549835
-31.917156
-4.4505067
45.23515
-9.006939
-8.859328
-51.846733
-39.00484
-7.1397505
39.121494
-14.863952
-49.189934
-2.0366583
33.819916
59.283592
-14.523994
26.875195
-38.607544
-17.727163
59.814102
12.94258
-17.867792
-5.1397157
-17.217209
32.81746
-71.01981
30.767197
-57.69515
-14.327443
-45.793385
-16.57275
-18.749828
5.1630535
19.13137
-47.42461
15.891475
22.926584
-30.11539
0.6348379
-110.48952
112.8765
45.023636
30.347357
-20.33143
-20.34046
-21.820541
76.03848
14.027871
-16.732407
47.869865
-0.50345135
-78.761406
106.79881
33.377396
23.81881
68.177216
-29.550604
-33.819866
18.061647
-16.829126
-4.5831237
-20.057364
-23.427044
34.834194
-28.015118
-7.9907947
29.109953
-2.2071717
29.96308
24.59524
75.190704
-33.636356
81.97026
-97.58521
95.7696
5.436931
-43.431057
59.322968
-51.232174
19.55696
-25.121834
50.0914
-21.501396
34.150665
-22.411129
85.20458
13.475328
-1.4805338
58.725628
-25.428019
81.86582
-20.772852
78.117035
100.52159
-26.996145
17.236853
-14.251453
18.41641
38.368996
18.116066
-61.299377
18.023783
13.646207
6.905237
-47.23397
-39.53868
-11.767505
-32.827374
75.71493
5.413931
-49.356384
-1.4942316
16.110682
-31.926468
9.698934
6.1035776
-54.560604
-57.292076
-15.589631
-51.86412
75.108116
-74.120026
91.71036
2.7506883
46.236797
35.90878
2.7885294
32.419437
23.167822
-13.016414
8.979393
-41.93841
-11.645218
-56.936092
3.1676075
-24.453314
-21.977646
27.541925
-13.372534
5.219281
38.052715
-63.519066
6.010097
-58.769302
0.5914849
-23.395584
19.642048
-4.006281
-20.096415
-29.918684
60.164337
-65.72278
-73.66151
9.840052
-28.9193
-5.1112256
-62.928883
-28.53587
24.687363
45.855988
-38.842026
74.985245
-13.543088
60.68706
-34.691574
7.00747
-32.804424
-71.89137
78.07908
54.821823
110.35416
-40.494694
-73.97449
55.52563
53.38236
-58.135674
4.5100455
5.8830175
-31.015991
-57.068657
100.51516
34.529324
40.27153
-11.836983
-26.834717
38.600952
-30.192154
-24.592072
-18.718323
-48.970665
-29.854193
-11.187495
-36.221333
47.01317
35.634026
-19.039183
1.8483049
-4.1735744
34.577988
-15.118268
-5.824656
12.220306
-61.743507
-17.192265
-11.422384
-43.7163
8.506535
110.114204
18.158817
18.411383
38.95822
77.76877
11.001663
-27.353941
20.563648
1.4019328
83.741486
16.960535
-32.226124
13.322214
65.21841
-103.848305
54.287678
-46.91415
-15.258237
-2.083816
-84.35696
-74.049446
117.00722
18.0174
61.604233
97.51416
61.545242
-84.064575
-68.83383
-4.3283043
-26.12617
19.169054
37.60136
76.35184
-12.205296
70.86938
44.310295
0.6419193
-130.26073
16.16456
-6.8114214
67.125374
9.358796
-21.244158
-38.565956
1.9378335
-29.754553
47.049088
-11.002735
-30.753027
25.44023
-2.2029812
8.908413
-22.29286
-26.965977
107.41646
-22.167467
-2.8855176
2.017176
-2.357791
54.016205
-0.14513902
18.020548
24.071175
-46.78743
-53.907642
38.369637
16.570679
-58.57171
-13.754117
3.3814082
-17.222683
-68.5854
18.495993
-8.7233
-20.963789
56.139774
5.8151965
-10.922671
9.581936
-39.309013
39.97555
54.685955
41.23718
-15.122949
22.663198
35.91494
-55.52296
-53.032455
-7.404103
-109.64181
56.803497
35.467907
-0.48696426
19.868124
-1.4722193
-92.77925
26.17836
-32.83193
7.606442
-57.26075
83.10696
33.04829
6.439999
1.2354757
-7.999684
-109.072685
16.656702
47.07359
-98.489655
48.657093
37.156204
9.692727
-31.063286
54.36239
-5.702723
7.7394185
59.390785
-44.059734
-7.9574494
-21.359835
6.074709
58.3881
-41.87351
-1.1688166
10.444095
-15.068914
24.057941
46.13644
-33.006046
-16.743814
-30.388577
-29.562849
-20.525864
74.95355
28.008919
4.7380743
69.57593
-65.89219
46.19359
10.251884
24.319084
20.061544
8.703504
-18.389818
31.296795
-146.40562
-46.42861
31.924114
19.229137
-38.53067
16.304167
1.1050724
-34.417053
-45.343853
2.376449
30.73579
37.346123
-62.57309
75.44073
-58.673042
-47.934505
-30.581318
27.833557
-73.13373
24.152178
12.613471
36.23939
26.961096
-0.75101995
92.793365
0.018763795
84.92308
-16.22453
52.820976
-111.34876
72.82534
-53.957294
2.9481642
-19.959768
-17.556658
42.196373
-45.277203
41.542877
67.11345
-67.63915
-23.812578
-7.938654
90.80513
-26.932728
20.158867
-41.598225
-6.2226515
35.619034
65.8579
-62.45846
39.06499
44.750694
-39.237415
16.191256
-31.328959
-54.86783
-20.16568
40.164963
-57.97
-12.3401375
-12.007226
0.18106785
-70.69854
44.96258
-7.962485
88.63479
31.63129
-27.82368
-4.894059
-38.155334
-27.53831
-31.642508
94.04046
-22.946049
-50.90388
125.75291
14.6684265
-67.10043
42.167946
38.72082
-29.550888
42.609734
2.7877698
6.8312054
-18.355177
-18.337502
-28.722715
7.820275
-66.2883
11.224401
-62.60483
41.988796
25.385498
72.959274
-71.92337
102.325905
32.003857
52.220306
-76.28335
62.227375
-9.49147
-55.75298
28.757753
-4.214078
68.920975
-88.439575
-37.626663
12.798515
1.2924498
53.66933
-28.283659
-64.63577
15.756353
20.180788
39.776596
-72.963005
30.126257
-18.073492
99.682594
38.82778
-8.959316
35.77156
-23.749765
24.762909
-84.04068
102.631424
-1.1538328
-18.238413
22.889969
0.67019796
7.8062506
-59.745934
-0.1488971
-45.17302
-12.008548
17.055042
22.970455
-59.479298
-52.785725
9.583954
-100.91123
-4.7166896
68.27415
-45.46506
15.801758
-8.512837
-4.323547
-37.739697
-12.531203
29.790018
-90.59131
25.171425
-28.046482
148.5942
-73.89946
39.307175
-29.543228
-26.691877
1.0957639
68.31001
-95.931465
56.06255
-61.814198
22.560238
-22.295725
68.368385
-74.67291
61.07988
-45.495193
27.560598
24.23573
-59.40108
12.663645
20.291506
-37.004555
16.515566
-22.130175
-12.172308
76.128136
-48.510735
83.80608
-61.55357
46.427605
-56.096348
-27.312841
5.376117
-33.036415
94.26021
6.36168
-22.926003
19.332453
20.180944
-132.7022
-79.065575
61.075245
-98.413475
39.83034
14.092896
78.39983
4.3122735
-72.961586
26.782206
57.225723
23.147657
-14.411195
24.8149
59.26967
-26.181175
57.602135
-17.157799
88.37538
-36.82811
86.437225
-46.91233
29.400166
28.18547
-84.68564
7.702922
10.055166
-30.45943
-18.81036
10.714541
34.663967
-30.512003
-4.2084355
5.688608
2.373713
73.857086
-83.69357
44.044544
27.36889
47.976692
-16.063719
21.583887
-22.620115
94.7232
-48.101486
-0.17119141
61.394424
-17.12191
74.21759
-3.1022305
-86.706345
-40.41235
2.6417863
-17.112076
-77.91668
-32.482594
100.64966
-22.160435
22.85239
-40.472843
8.791637
-18.03777
55.687885
58.83215
56.39276
43.176765
59.20641
-81.14716
140.22195
49.870045
-106.434456
75.03978
-31.201727
66.78711
-95.50403
138.59692
-81.472145
18.189089
-57.016933
-17.05924
-77.63161
-62.984806
-3.8616705
-60.00655
61.46463
-12.875782
46.48533
26.743418
40.19096
-7.643917
-32.342854
-36.315037
78.392494
-96.13805
-50.627724
-19.162163
39.193058
-38.493397
14.581386
-26.48119
42.74884
-38.610386
11.1055565
-72.13994
-4.314532
23.35165
82.70862
-79.331856
-13.238328
-11.700169
-21.593472
-37.758812
-123.1629
14.005612
-49.20033
35.07957
-33.293617
24.82733
47.74464
29.531242
-24.480864
-93.044395
45.601166
-10.519535
-11.721664
26.891432
-94.400665
6.6367316
43.735992
-28.910027
64.2311
-109.4751
-33.795425
-12.914478
34.716297
-6.047425
-70.89302
114.32172
-65.285934
34.18007
-64.27492
-62.490646
-11.280975
112.9024
14.184365
96.09747
141.29828
-36.38586
-19.543648
-3.2837915
-26.4501
-6.824855
-50.409523
-0.037307285
-28.797874
3.8429008
12.674049
14.843437
54.683292
27.294632
28.58242
-4.4286165
-3.3564055
18.740562
-13.871107
11.401683
38.48384
-12.721624
48.262848
-36.044735
-71.03322
-1.446537
123.93682
-47.135048
97.20858
42.640007
5.210355
55.43252
22.257244
-28.27626
61.497425
-43.49352
34.257545
21.560074
-79.49846
20.54017
-18.987072
4.2446356
-71.43883
-42.505913
56.18768
-101.22504
-13.838575
-36.38807
49.87927
109.52095
5.211922
20.029514
10.65581
-24.677298
-84.553116
35.959045
118.32551
29.922136
20.687162
46.520237
-58.572063
24.157667
13.125922
-57.12095
-38.88011
7.391685
-32.689278
37.000217
2.299033
60.92349
22.351795
22.219875
45.35978
-7.666892
38.55875
35.58496
-8.973875
-62.627724
-19.748648
13.986189
9.450577
9.026958
-23.304413
-20.62609
34.03585
-28.349752
-55.398766
119.276566
-2.2805073
1.3916032
-88.96949
-57.462772
5.3505964
25.57443
2.3239894
-8.815349
40.53058
-7.9621816
-43.088757
83.47968
-58.31185
47.635555
5.8049946
99.02219
80.62608
-0.059410036
-30.946808
-16.719326
38.569687
12.493727
26.815989
-106.02331
-47.022453
26.290127
-68.74964
-34.446632
-26.60947
111.5327
11.326201
-3.4821813
-92.61903
-127.13969
-58.471466
94.50197
-54.82529
4.848879
-32.74846
-92.902534
14.844966
80.05695
-23.58528
16.635311
-25.34772
26.846966
-89.69217
-18.251732
60.53844
-45.63797
-109.73433
11.4702425
-51.011436
26.025398
-3.8830998
-1.7507242
-1.0165572
71.1449
-56.641277
22.101273
-25.966402
23.494535
-105.479065
5.3475785
-16.819927
-15.527496
91.84544
-15.261371
-43.08235
1.5029793
-27.605478
-58.85708
-12.550338
61.971664
17.9776
-23.316597
-45.236897
20.288527
56.18311
-59.124126
38.83768
-66.720634
47.40911
56.47577
-32.20556
45.808258
28.61449
87.724754
49.477993
-29.238594
-65.4965
-27.054068
38.200138
48.38547
20.275194
-13.530803
44.01147
102.56408
-62.349728
62.437904
81.3135
-90.14083
52.78625
-29.657616
-75.22633
-14.43828
-2.013007
37.42915
-12.359087
102.02519
27.055666
-65.27716
-122.30675
34.02521
62.19463
34.75639
-7.9045997
24.568684
74.87206
-49.805943
-48.65765
52.397354
-27.126175
21.731897
-9.166143
34.915886
53.766308
-49.564907
51.587555
-60.06418
10.786466
-82.677704
4.017236
-35.190052
-0.15853706
37.921165
84.545105
-29.41622
-113.01587
35.679344
-55.274364
13.145218
-25.042482
-124.55642
49.140034
-2.5544038
7.222358
-3.5750914
-37.79851
66.80916
0.17008953
-47.875572
-37.52193
-33.11803
46.5784
-1.4352069
-19.5363
-63.897823
30.007536
-20.714327
-12.862409
5.715184
35.323277
-104.79375
-53.55109
-82.22839
61.70553
75.22713
55.042263
45.970303
-17.04853
-5.8299923
-96.0904
-75.089836
-77.43761
148.07452
55.38356
15.657941
1.1863216
-80.18157
39.9182
-75.409996
39.73885
37.477333
-85.7
63.431953
-94.4763
45.787426
-69.61206
58.724358
-16.87833
-72.46765
2.8861642
72.47259
52.246128
-0.3067649
69.15007
-28.281088
49.28037
-36.748997
-67.80314
-38.32809
36.791706
4.291124
62.33482
-30.193108
40.896072
-85.7841
8.676445
-52.5511
-47.00087
60.88153
122.4434
-39.27945
-81.3926
-21.948048
97.49169
10.660168
-21.105322
99.3009
-70.23529
-82.27558
-19.821335
55.39922
-111.49155
-12.204921
41.870655
1.9857901
98.26318
39.57442
-8.853053
-37.697147
-80.95582
-40.42395
-27.188765
8.124146
34.989365
156.88153
-114.91433
33.12331
-14.093907
0.014401507
-72.14249
33.209652
118.51966
-69.62555
55.04241
-4.336965
-71.679794
49.34232
-1.9899775
9.414591
55.397827
-3.6237247
-77.83009
84.38121
61.39118
-114.15719
-68.35559
103.58519
32.26831
-13.536294
37.865616
-8.950197
78.81877
-84.27403
60.0218
-7.632138
0.09931289
-109.65932
48.500805
42.35974
38.10444
56.65739
-58.71485
25.047096
-60.87041
-0.18279909
-32.63368
55.119328
-0.18532132
-26.143835
-9.168828
-24.27739
25.212885
118.282745
-20.73142
-66.38193
38.56882
-2.2292023
-8.890419
38.81486
-52.773266
-52.40944
-37.44539
35.90003
49.30594
0.34928176
122.158455
-55.276955
-2.8547728
-41.313282
18.03582
22.09359
-62.77042
34.487095
-69.96462
-25.211077
-30.78842
-41.738567
8.081659
-31.584984
122.49913
12.598712
6.530891
-9.635596
-27.307024
-65.21377
-0.6387389
-20.70925
10.986627
94.90496
-81.332756
29.012352
-61.78019
-1.4433453
5.5013847
2.7779467
106.92606
-0.37113
-77.36233
46.928814
-86.58698
104.848305
-31.849022
-3.1816654
-30.011724
44.851315
-4.762021
35.83435
-39.11599
46.717575
-18.976147
83.4113
-39.426193
-37.860184
51.16627
49.87271
34.350742
-20.106958
-6.6491632
28.718216
-26.98455
20.713078
-17.125685
-49.225876
74.63876
45.263893
76.50081
-30.774836
28.152977
-71.72083
-17.350828
-29.787558
45.822918
-9.676543
-3.106149
-9.600993
0.17497289
-16.79147
27.413239
58.594955
5.0466933
52.722633
41.12745
-103.58777
-30.235931
8.372642
-42.88276
-19.27096
98.79311
52.512222
17.141861
49.953064
-18.538677
-46.052704
46.466248
-86.65666
48.958942
-27.61808
-13.711068
48.451633
-97.706696
9.654016
65.9134
100.23476
-39.787693
-29.472403
-41.349415
34.43568
-95.673355
7.0716324
-9.461633
-45.498016
-47.918713
-7.5281634
-35.11768
-22.880058
-81.19594
54.969437
75.270645
-121.64206
-5.516964
31.406433
-0.8688115
7.869085
53.55951
-16.107897
-3.120605
-15.906164
-159.18779
44.1747
14.461903
4.5184126
46.965336
-63.135166
-7.7896066
50.860462
-92.23549
85.980606
13.957785
30.498533
-22.593922
91.34842
-12.331077
2.0407782
15.177616
-75.979935
41.191315
60.918457
63.18286
46.38882
-30.57255
-18.490246
-32.14532
41.788017
-66.05753
-41.174152
7.687236
13.535838
96.14977
-82.30539
67.54812
44.53262
-55.646824
0.102460854
-54.16743
-52.885326
11.368818
-56.624584
57.467262
27.271746
23.437891
36.57936
101.990685
49.72615
-28.321186
93.18555
-14.93807
27.753845
57.51639
-5.83444
-60.08552
53.699448
-139.59795
58.66399
-48.4617
18.282394
21.548603
-17.883755
33.882397
2.4169977
90.264366
20.65013
11.784206
19.645487
74.13145
-158.35648
-1.3842347
-35.377525
37.963287
36.945534
5.051505
-21.348482
-107.53029
-23.84936
-24.799818
28.77567
-23.09068
-33.067455
22.851585
44.101616
-31.348251
-44.406677
-9.175178
13.803159
-16.03167
51.189095
-55.960674
-67.77012
-37.852226
133.68468
20.668507
-110.08381
4.202678
16.563349
-102.98939
61.67783
-26.188679
26.285543
51.46106
25.2126
-3.4445899
-27.101393
-6.5162764
0.11524287
-18.63624
-54.83842
-56.232765
-77.53585
-21.525518
-51.119804
32.17692
-40.65544
2.0084355
-68.201195
51.0759
80.488625
-66.47712
20.117668
22.055737
-28.581263
-77.86221
11.715311
25.963428
-12.737192
-30.624878
-5.531577
-41.501648
-44.96439
13.918865
-4.3109503
59.159954
6.3696632
89.82202
-99.17101
56.04658
-68.3073
-34.27801
99.286606
28.653788
-19.928513
-60.988533
-7.2787337
-46.334106
20.037579
-14.504588
26.248219
-51.716236
44.38846
-71.22295
0.9170376
20.510145
85.374954
-56.05939
10.989314
-71.55484
42.67493
20.439062
125.17519
-40.95161
22.013447
-9.970934
-44.084286
63.6073
-87.764084
102.46447
31.674604
62.403004
-58.08122
-5.4546933
68.68759
-22.142063
8.194255
78.476234
-57.865025
0.022383697
13.292047
-22.532578
9.536774
10.278199
-92.368515
73.05054
9.019315
63.743546
33.126854
-21.338636
-55.17546
-16.28563
23.604021
-63.383717
-48.000526
32.89549
3.100966
-41.610435
-7.2902694
32.39125
22.522669
-86.41701
11.372904
67.66025
-0.65270674
22.264715
-66.38898
-35.136845
2.4733388
6.263758
29.681423
18.41529
-13.934654
-76.58889
61.845135
-28.192509
55.87753
-3.2092023
1.1679564
-25.990152
-21.676636
-3.8468943
62.317883
33.05291
61.187862
-24.606003
-173.55328
8.943363
-32.816998
55.958725
59.29948
10.74399
46.23439
-30.564707
-86.921974
27.17571
-63.852818
98.86573
-31.17782
-41.2667
68.932144
-60.305992
50.796516
-15.240279
-19.27554
7.3182073
42.289837
-23.324884
25.845873
78.523796
8.0808115
-42.32956
-50.19593
-15.727555
71.147385
37.76878
-11.921063
32.351555
96.79453
31.353367
-15.697063
91.192314
14.42215
-9.417649
-2.47317
-85.06019
6.0989947
25.45925
45.107727
-1.1100957
-19.426912
61.25477
3.519203
32.768265
63.659424
-26.049522
45.092487
-4.4355407
25.653955
-40.32743
-28.129175
21.301096
5.6857843
15.191691
-52.872654
20.617435
-21.437572
-82.44839
26.886652
-8.890584
-10.486829
94.219055
-93.17025
10.682247
2.1354945
-116.52436
58.59666
-67.79229
16.85272
59.1632
5.5545382
-39.199768
-27.80029
16.903467
12.243104
6.1460204
13.198127
-5.2055516
48.8406
-20.003494
-9.213933
-16.979069
8.469265
25.058304
-53.161392
-30.263063
86.89355
86.93041
-23.740074
-47.345776
-19.211666
-26.347109
-50.178745
-35.809692
38.09054
8.4097
-83.57067
26.710102
71.02398
46.985863
10.755535
-106.41463
-4.0214963
21.270786
-43.007046
-15.488965
-42.62718
1.2104541
17.869434
-112.47326
10.796563
26.636078
1.0701818
-50.135586
52.244717
22.715279
-20.476582
5.1091146
18.424644
-37.813515
-23.7003
92.23015
25.405035
-52.873367
44.190533
56.562313
23.5727
-12.207297
21.722988
-63.979015
24.77779
16.741943
16.36846
-74.49149
63.353367
25.846094
50.123318
-39.033066
-34.43329
-40.310238
-25.109524
-62.906837
-4.014454
-15.624955
-4.031556
-3.0257215
-5.335939
-45.509655
-0.6614999
-18.65044
-16.245546
-64.548096
44.650658
2.7083344
36.441452
18.45213
-28.611265
89.31687
-132.11183
-20.269806
98.47196
-20.153189
-139.65596
-32.439587
66.67691
23.360683
-14.160521
24.47591
-3.9148672
-9.489836
60.57912
-40.558258
-75.35817
95.64022
18.016731
-48.989433
6.392054
-29.172907
56.43535
0.67989486
-38.36519
-1.6061476
116.57968
-42.586437
6.453588
-66.00137
-12.796508
-37.98818
-24.636793
24.672874
-27.48383
-44.5532
89.92723
-71.42777
26.378307
-48.393513
45.039906
-11.531319
-44.766502
-79.57534
23.87037
4.9899025
-8.749754
81.08388
-22.94736
95.43657
-51.68007
17.72272
26.903893
3.1464226
13.727572
49.494884
-91.9232
