-0.094717175
0.30583152
0.6012857
-0.05497542
-0.10733946
-0.03608048
0.14628842
0.34124267
0.2557943
-0.32396084
0.1244856
-0.5335694
0.09100195
0.1679787
0.17888562
-0.30898014
0.0027099596
-0.1306442
0.18086585
0.1465017
-0.15021773
-0.034048643
0.019311534
-0.028226066
0.04044078
-0.6587805
0.56608176
-0.44737107
0.42955872
-0.38733056
0.22615695
-0.35996157
0.132031
-0.3431715
0.3495203
-0.57059115
0.4068405
0.43151167
-0.25559565
0.06543012
-0.3275593
0.28728792
-0.35240534
0.19653107
-0.05902369
0.44534808
-0.2768878
-0.1488933
0.1020887
-0.28211024
0.27854177
-0.48933733
0.5867827
-0.016511997
-0.19356656
0.072373345
-0.37135372
0.35319394
0.026284449
-0.38424912
-0.113328226
0.096571006
-0.3041757
0.08536104
0.5359682
-0.6895188
-0.0994744
-0.27541107
-0.20515192
0.06156391
-0.44704175
-0.25607798
-0.3628059
0.31318587
-0.057940654
0.55620235
0.111345954
-0.3193098
0.014372136
0.42899433
0.1691765
0.4465913
-0.70130044
0.5106541
0.11799701
0.049369995
0.3789095
-0.18186179
0.4655224
-0.93568593
0.5486103
-0.118814
-0.3583424
0.59307545
-0.061662864
-0.38753337
1.2044466
-0.22612244
-0.6707083
0.7172084
-0.8067564
0.44448292
-0.38735378
0.40095198
0.14948767
-0.14981803
0.09638771
-0.004035924
-0.34094265
0.0014530024
0.55864215
-0.33226767
-0.47641525
0.7008916
0.24944751
0.10673582
-0.6205698
0.4964395
-0.28977287
-0.047142424
0.33534878
-0.1371235
-0.0968073
-0.18153362
0.7263455
-0.2814785
0.44545007
-0.083234586
-0.42627975
-0.108136
0.5131248
-0.029498497
-0.10395212
0.12869322
0.4176469
-0.14455898
0.48343074
0.6081493
-0.3955762
-0.379252
0.064921476
-0.6547518
0.20521617
-0.08885945
-0.10889623
-0.6098938
-0.05479968
-0.1229951
-0.32540217
-0.22221473
0.13713469
-0.1913114
-0.27842602
0.1903431
0.010769383
0.13871741
-0.43425947
0.17259838
-0.103312105
0.15412314
-0.7177203
0.55104464
-0.05797232
0.076337405
-0.07225965
0.09677624
-0.15190603
-0.26410884
0.038633388
0.095664315
0.5796985
-0.18921085
0.012210157
0.21972252
-0.37636477
0.43299302
-0.19787455
0.22878349
-0.67827773
0.15912227
-0.18986624
0.38998476
-0.05027964
0.26012924
-0.15229262
0.043731682
0.15162846
0.7612703
-0.43246934
-0.13045964
-0.5621794
0.08639925
-0.06407876
-0.044805314
-0.27930376
-0.0552784
0.4927643
-0.19420323
-0.1043658
0.26603353
-0.93737555
0.29656616
-0.6731058
0.4496134
0.025795517
0.20759681
0.5095956
-0.2013371
-0.5822623
0.626203
-5.7016406E-4
0.36633572
0.14784923
0.26974905
0.16856624
0.20827241
-0.20099522
0.31256026
0.18775682
0.026055805
-0.1289782
0.28454438
-0.101370454
0.16218604
0.14269686
-0.5496529
0.09077434
0.33316144
-0.36061883
0.5662555
0.04927167
0.26422462
0.31527695
-0.2549777
-0.37287283
0.0050033936
-0.18994825
0.2655301
0.08979584
0.09541692
-0.2974397
0.051257182
0.5460276
-0.03554484
-0.18411587
-0.4624972
0.25169557
-0.559844
-0.30290395
0.03886951
0.075479515
-0.7122911
0.14441963
0.04856
0.32443938
0.26078796
-0.18163331
0.64807177
-0.37877914
0.4388468
-0.45270562
-0.07908183
-0.30844396
0.108071335
0.49950624
0.10000108
0.19546553
0.015930144
-0.28364867
0.5373424
-0.9699329
0.40445906
0.3283654
0.013876774
0.21788616
-0.54947406
0.09478512
-0.44532385
-0.24831021
-0.056640122
-0.19870184
0.065127596
0.27649197
-0.11848962
-0.014349327
-0.12880665
-0.33061343
-0.14470713
0.37654683
0.2210689
0.16462031
-0.48372155
0.015254295
-0.6027954
-0.19957787
-0.3759198
-0.2875414
0.30129212
-0.027319489
0.0050039287
0.18498345
-0.44248703
-0.44835266
0.49858555
0.39235792
-0.47249225
-0.43946794
0.7038945
0.07070841
0.39479026
-0.2027104
0.17213935
0.44811082
0.087469526
0.3026731
-0.40514445
0.002275105
0.15279035
-0.6545949
0.24467511
-0.29446882
-0.07808089
0.7362463
-0.46694776
0.26616946
-0.10535671
0.47560307
-0.12134739
-0.18725492
-0.42130548
0.24243012
-0.0038228843
-0.106309764
-0.28192288
0.5523701
-0.08956726
-0.38755813
0.62403375
0.118415914
-0.26575473
0.11160274
0.71063155
-0.05645576
0.46508846
0.18224967
-1.0439906
0.25664964
-0.24743865
-0.07141812
0.86931777
-0.5460604
0.38941562
-0.5238545
0.20846854
-0.12070404
0.15091512
0.3304628
0.2291518
0.7758799
-0.50365496
0.45322344
-0.15811223
-0.07759645
-0.47695357
0.18145855
0.33338642
-0.45330226
0.028968098
-0.40972304
0.6630019
-0.37705415
-0.40839827
-0.011470868
-0.26812512
0.09504692
-0.21173188
-0.20233943
-0.28425828
0.13502526
-0.065129906
0.5514901
-0.47716781
0.43783763
0.021764208
0.33490783
-0.90947294
0.11539768
-0.48226112
0.03249361
-0.013462395
0.24229394
0.12060078
-0.06130218
0.19787948
0.063025944
-0.3575212
0.34620458
-0.21509081
0.21399184
-0.2520965
-0.14929116
-0.1827101
-0.18154855
-0.03700426
0.055895187
-0.73553616
0.0723877
-0.45567092
0.2630871
0.69952935
-0.03320732
0.035517365
0.15904115
-0.60998905
-0.018268066
0.53726304
-0.42920524
0.024547027
0.019620327
-0.054959845
0.20320418
-0.5129038
-0.15736093
-0.49510917
0.13368754
0.16157186
0.0703059
0.14106259
0.33315805
-0.3164817
0.14666395
-0.083192706
0.2931014
-0.43856767
0.1726693
0.2041786
0.070330456
0.24266152
0.21122101
-0.013310479
0.57490504
-0.125003
0.15788925
0.0064675286
-0.14532328
0.41918436
-0.035138376
-0.7194559
0.25608125
0.57035965
-0.09836348
0.5478993
-0.19925372
0.33264184
-0.6178
-0.30855694
0.22573224
-0.1616686
-0.35049257
0.49689546
-0.33824542
0.43985975
-0.4501791
0.25492454
0.19155231
0.37476003
-0.32839128
-0.034495555
-0.16604014
0.5898777
-0.19701856
0.15952174
-0.06260339
-0.34132355
-0.09320318
0.20120174
-0.058135364
-0.0069903545
0.2140973
-0.44186816
0.6205119
-0.30746058
-0.11874139
-0.23484774
0.47967008
-0.36739984
0.9278142
-0.26722306
0.51267064
-0.28401047
0.048032634
-0.22434099
0.0029600714
0.120484665
-0.37474507
0.4565141
-0.56147164
0.55527127
0.21687007
0.039043035
-0.36012
0.062781364
-0.49859554
0.2706028
-0.4545708
-0.063559815
-0.115286954
0.13216619
-0.22658955
-8.9422707E-4
0.019571386
0.1417648
-0.015479669
0.08278097
0.40356147
-0.38461572
0.50947493
-0.26856357
0.38365793
-0.34312144
0.2619508
-0.095108874
0.2019802
-0.15556756
-0.0071787285
0.16419391
-0.060687225
-0.03975073
0.31221604
-0.39985126
0.43032023
0.16830672
-0.28541026
0.080134414
0.04252104
0.20086804
0.16845666
-0.18807524
-0.1604063
0.04422325
0.097838536
-0.11993816
0.23311457
-0.10366099
-0.29256538
0.049712073
0.059715603
-0.1955712
0.18018445
-0.43106312
-0.16722646
0.036705185
-0.21990523
0.017480887
-0.11349665
-0.07613717
0.092337735
0.29128823
-0.16958407
0.68917775
-0.33153793
-0.34180897
0.047570422
-0.25621042
-0.009728905
0.079956196
0.12756369
0.31158206
-0.11541214
0.42596698
0.15689267
0.2595452
0.11915869
-0.3545961
0.31504753
0.5070204
-0.11411403
-0.07443688
-0.57312256
0.37309793
-0.36318356
-0.31145817
0.33788687
0.17466009
0.1383802
-0.15914983
0.21013571
-0.33919382
0.5685596
-0.7068307
-0.06807111
-0.1159781
0.19385882
-0.17546019
0.046019595
-0.43922073
0.3498813
-0.07460916
-0.3758561
0.30941564
-0.62354153
0.51344997
0.73694706
-0.2731451
0.052813716
-0.2578219
-0.45314056
0.120635465
0.63255155
-0.41468397
0.1017775
0.7851934
-0.69583035
0.6333252
0.13268949
0.07335569
0.21586451
-0.22752833
0.2868356
-0.02784435
0.039312303
-0.44940767
-0.04010094
0.14213294
-0.48221764
0.4496434
-0.30258492
0.15760761
0.37225318
-0.51587677
0.71508914
-0.55456793
-0.10735421
0.21228933
-1.1823664
0.20317224
-0.29790005
0.6728099
-0.56333727
-0.2689574
-0.11390199
-0.075313866
-0.035028145
2.0209143E-4
0.41878206
0.175082
-0.21143524
0.17091443
-0.64880246
0.2327256
0.082863115
0.040564053
-0.32074
0.21686509
0.37303904
0.20247336
-0.30328193
0.036698144
0.23381734
0.0888272
-0.30848625
0.15704578
0.091283955
0.077935085
0.28601038
-0.14820233
-0.17691831
-0.37942186
0.0075153876
0.12417722
0.42786637
0.21387282
-0.6288476
0.7750678
-0.3492563
-0.448484
0.07176733
-0.55207896
0.10598518
-0.488881
0.4464009
0.2103804
-0.07324112
-0.1874822
-0.04111068
0.07701865
-0.18914081
0.3559966
0.008251631
-0.24629827
0.28496486
-0.12744646
-0.15171272
-0.28861687
0.4649538
-0.6434521
0.55578506
-0.882993
0.6159138
0.19898356
0.02545379
0.17404267
-0.22329083
-0.14885688
0.29575953
0.37143648
-0.42645964
-0.13028124
-0.61218065
0.10567032
-0.2781831
0.082119666
0.7733053
-0.48754883
-0.337792
0.43435907
-0.22571571
0.07885439
-0.26814753
-0.19224007
0.25691405
0.021140417
-0.21422416
-0.067161195
0.2671713
0.106935285
0.23347509
-0.25219107
0.33243427
-0.42800143
-0.09358161
0.29961303
0.16081783
-0.39437035
-0.2538468
0.3003339
-0.2462048
-0.32684615
0.09968698
0.57257205
-0.34421298
0.5495307
0.031908978
-0.16592175
0.08653002
-0.45149255
-0.03556635
0.16661204
0.2961333
0.117484234
-0.08402948
0.14519957
-0.008185363
-0.1140422
-0.01609214
-0.024388166
0.0037386857
0.6386591
-0.6540428
0.3825573
0.19907215
-0.18983516
0.5371684
-0.2928684
-0.3225284
-0.2742399
0.14792101
0.6493152
-0.19530524
-0.49966556
0.7114425
-0.5384234
0.9279611
-0.51516205
0.41861144
-0.42297757
-0.5623949
1.0966711
-0.22351098
0.10721105
-0.34522724
0.37439188
0.33645296
0.3815109
-0.2551639
-0.5003757
0.66955864
-0.47539172
0.28934062
-0.3942979
-0.43362266
0.24337761
0.05216832
-0.13594419
0.28574157
-0.15832524
-0.24354903
-0.29470563
0.35538206
0.13134597
-0.23515108
0.2874875
0.076904126
-0.42836207
0.073179044
-0.36409625
0.41169512
-0.43718174
0.1161495
0.30294526
0.19374609
-0.56273574
0.3711248
-0.41918272
0.25962454
0.019405007
-0.31508237
0.53128463
-0.29373452
0.2716874
-0.21750234
-0.23602428
0.11221276
-0.092195034
-0.57562304
0.3308598
-0.57594675
-0.06092194
0.7296189
-0.5054269
0.7326607
-0.460751
0.40260056
0.21231894
-0.10391613
0.20627604
-0.38097033
0.53342503
-0.5771502
0.5781875
0.21110037
-0.7121126
-0.29889563
0.061170872
0.38832977
-0.15571934
-0.7663527
0.16773662
0.23990531
0.27624443
-0.3805383
0.18803859
-0.14519209
0.0049636434
0.67934394
-0.19743414
-0.29326904
0.579012
-0.2837727
-0.24256691
0.7325697
-0.07679381
-0.24395797
0.438729
-0.07036474
-0.16335945
-0.26671708
0.009479693
0.25778168
-0.27099824
0.30768412
0.28292704
-0.08808154
-0.091724195
-0.09011579
0.05222105
-0.09519047
0.40514183
-0.36649525
-0.42304176
0.44516233
-0.43977806
0.27203164
0.06135458
-0.055683337
0.022036381
0.31417984
-0.03758885
0.6035737
-0.21663973
0.5919773
0.16714643
-0.45754972
0.08087146
-0.38351488
0.037079275
-0.60157734
-0.32753664
-0.38198763
0.3620681
0.16606547
-0.46609384
0.564226
-0.10016767
-0.21083242
0.24084745
-0.15878169
0.2942677
-0.78590953
0.82905746
-0.74557835
0.55921084
-0.23367628
-0.009607563
0.19133429
0.28328928
-0.2606447
0.09583915
-0.48260507
-0.03472756
0.15257426
-0.15125886
0.3167807
-0.0063299574
-0.37359753
0.36804953
-0.37909973
-0.10230477
-0.075994946
0.1924744
0.07808811
0.17096655
-0.52913535
0.4716521
-0.5041874
-0.12460727
-0.104791984
0.12456073
0.06064799
0.19628876
-0.36976793
0.41960302
0.03302477
0.506353
-0.58775383
0.38020328
-0.25630918
-0.12646206
-0.24724568
0.31706682
-0.31360447
0.15480185
-0.0191862
-0.47467643
0.065394275
-0.3393322
-0.018720362
0.740911
-0.56698805
-0.24221657
0.2401248
0.30690375
0.3345122
-0.06480623
-0.18283653
0.3226386
-0.39592305
-0.06988227
-0.109090745
0.3230818
-0.035000466
-0.049812518
0.83234316
-0.62196463
0.7270566
-0.3389573
0.0074690953
-0.027104614
-0.38458374
-0.21676901
0.307654
-0.005248453
0.3773065
0.109776825
-0.07849324
0.18951742
-0.3945264
0.14186378
0.029835539
0.026956558
0.45236152
-0.45419118
0.32014266
-0.0399632
-0.38338062
0.2462502
0.061683428
0.20052388
-0.18182202
0.27780834
0.41745615
-0.6093251
0.29525134
-0.37689048
-0.13153233
0.08569814
-0.2123831
0.07148262
-0.048886374
0.1423237
-0.20383713
0.49186826
0.31561148
-0.5830598
0.23530902
-0.34699395
-0.24103083
0.7044855
0.029663395
0.10788678
-0.07552473
-0.16017433
0.52802837
0.2723292
-0.35597244
0.6295485
-0.8998011
0.1873442
-0.54312533
0.3764997
0.013698137
0.13292791
0.09970471
-0.25199416
-0.048404947
-0.14613393
-0.14204274
-0.3847961
-0.25865337
0.53523254
0.17866121
-0.2771269
0.047918484
-0.21638858
-0.09108602
-0.20332542
0.13254
-0.0879682
-0.05327796
-0.2849848
0.23402211
-0.19252636
-0.33561906
0.10714737
-0.2176887
0.23453234
0.30128637
-0.16002889
0.30065742
-0.17793192
-0.13134617
0.07225545
0.390681
-0.5764409
0.35273015
0.07387268
0.46164367
-0.40047804
0.51736695
0.08002203
-0.55786544
0.6576197
0.3281275
-0.2962242
-0.09194772
0.17865197
-0.12784514
-0.21024023
0.21361373
0.12098437
0.24559827
-0.080902934
-0.23257335
-0.31438804
-0.11413744
0.7151463
-0.92712635
0.09547515
0.38287818
-0.49076483
0.8803533
0.03292111
0.36519232
-0.4012292
-0.14505662
-0.04969002
-0.18528615
0.6353562
-0.2733754
0.47689334
-0.2908296
0.25983393
-0.22778146
-0.027215738
-0.11939943
0.19410579
0.05856088
-0.45489725
0.32357934
-0.5376297
-0.14306013
0.029995501
0.16255708
0.5329779
-0.2862463
0.0019910098
0.3186116
0.1420168
-0.3000163
-0.036611944
-0.17784768
0.1854729
0.07358188
-0.15219499
-0.03970461
-0.41420767
-0.12005174
-0.4990009
0.6411923
-0.43996128
-0.28940895
0.32033175
-0.0083344
-0.13318773
0.26053694
-0.5875226
-0.22720155
0.5816151
-0.047839943
-0.09921057
0.21852547
0.0579427
0.17004743
-0.23548877
-0.3474661
-0.12967938
0.13440959
0.50637907
-0.9054756
0.023004908
0.038508177
0.5990236
-0.12736689
-0.44314507
-0.31411916
-0.04093622
-0.06313404
0.44741577
-0.2051289
0.41981223
-0.35849428
-0.07905477
0.18831728
-0.5517752
-0.21501377
0.49228004
-0.50691277
0.1245969
0.005804094
0.03553818
0.1745651
0.26073274
0.34293285
-0.08312929
0.35349616
-0.043325752
-0.4492273
-0.54249585
0.21658447
0.38894907
-0.3593203
0.14306122
0.23316075
-0.09153208
0.06993695
-0.09868343
-0.3926396
0.19075368
0.065201186
0.18557014
0.7186338
-0.21787277
-0.03587212
-0.15921848
0.09489373
-0.49784717
-0.2060275
-0.7392502
0.37078005
0.56304514
-0.42141333
0.15106107
-0.47390175
0.34733152
-0.41328052
-0.23769502
0.1726115
0.34238625
-0.22624584
0.42991132
-0.46342412
0.4353278
0.27019048
0.04298093
0.07599524
-0.5060615
0.0024526047
0.27388242
0.69837475
0.002653733
-0.10511048
0.10313832
0.0035773239
-0.26520503
0.40775692
-0.20954388
-0.16835341
0.88318115
-0.052472733
0.21065515
0.06790448
0.014380831
0.6045563
-1.0551913
0.8031161
-0.26746467
0.21018566
-0.6829659
-0.15046336
-0.11063241
0.35021102
-0.06922324
0.35388067
-0.8429917
0.45198876
-0.23733951
-0.4831912
0.38496646
-0.18655166
-0.11461601
0.18973608
-0.258183
0.38735414
-0.62262756
0.09405554
-0.3216929
0.031377435
-0.16436833
-0.018369006
0.12601174
0.082785346
0.218389
-0.32692602
-0.08284513
0.30434048
-0.12837224
0.15802245
-0.24364814
0.08525111
0.49360982
-0.424759
0.1668786
0.14450777
0.2694156
0.198495
-0.6179818
0.4089931
-0.5807378
0.16753481
0.13043468
0.32782182
-0.8947036
-0.13486283
-0.028496254
-0.2490296
-0.23299967
0.23449123
-0.1290649
0.072380126
0.027032819
0.24498078
-0.7368575
0.29101115
-0.5877372
0.5454667
-0.06110182
-0.5104743
0.42840353
-0.12904303
-0.4664172
-0.44729203
0.06565634
0.70591027
0.09231564
-0.69058114
0.09344246
-0.26764685
0.1818467
0.19233584
0.1607753
0.8365406
-0.19424672
0.1303814
-0.22171937
0.26640496
-0.06929017
-0.5407757
0.22248007
-0.254669
0.043407083
0.36008286
-0.3188193
0.05728759
0.22701319
-0.57141465
0.36186317
0.04816371
0.36114275
-0.45695472
-0.25501335
0.5839418
-0.16879207
-0.23832378
0.38555688
-0.22699301
-0.10544791
-0.52807397
0.3038156
-0.93653256
0.6580854
-0.44690895
0.7374269
-0.04427347
0.17133895
0.1459195
0.65550876
0.45356506
-0.32476032
0.54895884
-0.017789187
-0.27575755
-0.12774421
-0.05355431
0.2095974
-0.27956632
0.29886633
0.19272041
0.043241926
-0.24298243
-0.040308114
0.21506618
-0.18862297
0.178022
0.2985676
0.38863453
0.07961072
-0.39265817
-0.66175336
0.7717887
-0.35586274
0.6096537
-0.195655
0.0019254877
-0.49048862
-0.8147653
0.06909642
0.21064477
-0.13345265
0.16046935
-0.4447726
0.8806896
-0.17416808
0.34622303
-0.4253469
0.14013311
-9.4996986E-4
0.10953421
0.034919422
0.39452198
-0.47419393
0.058026303
0.04835848
0.24396938
0.3685232
-0.21817844
-0.2871151
0.68009365
-0.64235246
0.14528629
0.077544555
0.57739264
-0.7272396
0.8457566
-0.038846325
0.282216
-0.31375036
-0.2841658
0.0043104007
-0.62798023
0.061740085
-1.0131805
0.34643564
-0.52221704
0.18478052
-0.31879568
0.522226
-0.245257
-0.36439317
0.20056915
-0.32797444
-0.03909278
-0.12478212
-0.03531948
0.113712616
-0.3405296
0.34950137
-0.25998682
0.20492204
-0.21056828
-0.15249981
0.4245363
0.21793303
-0.29016894
-0.18739139
-0.26831725
-0.29106337
-0.09824913
0.34466726
0.40043083
0.47327027
-0.6015929
0.21194333
-0.40791947
0.6750515
-0.37442708
-0.2183147
0.13837023
-0.47965005
0.33995724
0.10428846
-0.32895803
0.052588984
0.14486454
-0.32585254
0.6140885
-0.5599619
0.013076448
-0.4142081
-0.12172112
-0.107733056
-0.038510017
0.04953708
0.046115495
-0.023707611
-0.6314327
0.9226385
-0.2785415
0.052016743
-0.7439351
0.1820627
-0.16970302
0.28118047
0.2587737
0.6686471
-0.047023255
0.47533303
-0.24060887
0.3012088
-0.0073110643
-0.06642886
0.3764121
0.03174402
-0.27891856
0.5706282
-0.036111187
0.09474935
0.087913975
0.18483847
0.22384429
0.44557357
-0.32353508
0.043290492
0.1504712
0.03423335
0.0912537
-0.19065596
0.5721237
-0.14874382
0.20334984
0.13564764
0.2098128
-0.01175915
-0.011323464
0.095439486
0.06262323
-0.055054806
0.19046624
-0.5904669
0.16736607
-0.14206532
0.1864102
-0.022151392
0.3545332
-0.25688687
0.29448298
-0.22911347
0.08934058
0.008875871
-0.14523229
0.3423829
0.039243534
-0.040647294
0.24174376
-0.22973454
-0.047762148
0.040577058
-0.07995069
0.4412422
-0.09337506
-0.21035394
-0.7309631
0.6366696
0.22255304
0.18538758
0.15830542
-0.6238917
-0.3288409
-0.384916
-0.008639749
-0.6142964
0.7534174
-0.26262382
0.1349703
-0.23868869
0.3032409
-0.24362905
0.4224658
-0.2726476
0.18830235
-0.16765033
-0.07205875
-0.0012818845
-0.24699344
0.32653522
-0.06557407
-0.0742891
-0.14431943
0.3750601
-0.23159426
-0.17988041
-0.017229063
-0.32278097
0.13713112
-0.30706358
0.30791283
-0.17354831
-0.5124208
-0.22147326
0.18728198
0.24505712
0.10657695
0.2689827
-0.16391887
-0.03526604
-0.434486
-0.10978672
-0.15376016
-0.06351869
0.053506486
0.25531217
-0.33314967
0.68080974
-0.4967732
-0.2938941
0.38019952
-0.45419413
0.29374802
-0.09351917
0.35266423
0.19100149
-0.113045745
-0.051709287
-0.09322501
-0.0018564351
0.24527775
-0.250459
-0.124669395
0.46909443
0.019635167
0.1577242
0.46199706
0.070211515
0.10694619
0.7047832
-0.2105522
0.104503915
0.056993574
0.31249678
-0.28692555
-0.18308346
-0.12619802
-0.8510757
0.58423173
-0.48006746
0.31711602
-0.18579629
-0.37135145
-0.15722512
0.0943969
0.079986066
0.15793125
-0.10458013
-0.26800996
0.25777987
0.035269134
0.14853518
-0.20806062
0.49160084
0.11396642
0.059439704
0.6170207
0.10872121
-0.0073165335
-0.31877846
-0.20121963
-0.19645707
0.21195556
-0.31446454
0.25481132
-0.21264988
0.30004355
0.64612484
-0.27218166
0.08824938
-0.20406581
-0.0809891
0.027066514
0.23821867
-0.15233412
0.28435728
0.08430097
0.29145056
-0.5388524
-0.2103983
-0.357011
0.4645901
0.045535393
0.22026579
-0.24756765
0.08318953
0.12050731
-0.27422646
-0.15259634
0.006454491
-0.61395925
0.030351683
0.13191225
-0.4039529
-0.49499726
0.58867013
-0.32628497
0.09823557
-0.25672558
0.50547093
-0.1039396
0.8851048
-0.3553477
0.5041848
-0.23439449
0.67761725
0.038696945
0.173887
-0.20989448
0.21286255
-0.11679281
0.026201423
0.76963043
-0.53468287
-0.13215365
0.063822344
0.22083806
-0.35921842
-0.53068256
0.191406
-0.77545166
-0.16363955
-0.15688074
0.46085775
0.03964324
0.15162762
-0.043381415
0.30092305
-0.077940546
0.09725407
-0.4351193
-0.2456418
0.15999494
0.09760018
-0.46658722
0.5927267
-0.42893562
0.11596288
-0.166522
0.22835498
-0.7969961
0.15148635
0.12997858
0.8038292
-0.32495275
-0.045564126
-0.5397564
0.06841984
0.21573034
0.06374023
-0.35713106
0.008680617
0.12478451
-0.13933513
-0.001348904
0.14817299
-0.29335776
0.058228053
0.5320752
-0.67608464
0.24282931
-0.46140188
0.0029058927
0.36401808
-0.48940358
-0.09771251
-0.27563208
-0.16254249
0.025890497
-0.47476673
-0.1997387
0.073614635
0.6854765
-0.39807153
0.089712314
-0.073883824
-0.36828744
0.15247943
0.1305551
0.03833501
-0.5390541
-0.09003229
0.411917
-0.189503
0.5073604
-0.04744577
0.4725204
-0.65569144
0.37732685
-0.057238247
0.37451577
-0.070309445
0.08248462
0.35926667
0.277277
0.217129
-0.2314492
-0.020653874
0.42856526
-0.39710358
0.6164472
0.1215596
0.26609817
-0.01626491
0.29560077
0.47043726
-0.5664011
-0.065977275
-0.15862758
0.5165621
0.09131574
0.42228356
-0.13705865
0.3571499
0.11844099
-0.12864648
0.2511122
0.4306135
0.35321784
-0.37442034
0.20814486
0.13714312
-0.76342505
0.85495996
-0.21072915
0.3053176
-0.50330067
0.3837077
0.7994793
-0.012929666
0.3163636
0.023541186
-0.18719366
0.5974346
0.4184716
-0.42315373
-0.19434617
0.37162015
-0.051179484
0.343908
0.27550492
-0.29508346
0.28452316
-0.46429053
0.7904488
-0.14867805
0.29813692
-0.11808921
0.009594021
-0.16778539
-0.04510132
0.14455718
-0.32796103
-0.14552493
0.025312234
-0.33190092
-0.061159257
-0.36342853
0.19171003
-0.83047414
0.847869
-0.3029519
-0.20973521
0.13439123
-0.41306472
0.048657812
-0.21539547
0.08852745
0.11518435
-0.05012762
0.29687583
-0.36190405
-0.07514586
-0.5799976
-0.17787343
-0.4432937
0.6490841
-0.5420292
-0.26545596
0.4343334
-0.98250127
0.0132848425
-0.5120492
0.2512965
0.33858553
0.023873666
0.28937283
-0.35723442
-0.09085923
0.18255793
0.29281804
-0.42054164
-0.6065786
-0.29227164
-0.054917715
0.04194542
0.14994897
-0.28398162
-0.19783495
0.12636925
-0.058689155
-0.30029336
0.30673403
-0.58325416
9.893605E-4
0.32004866
0.006144914
-0.16552925
-0.263476
-0.20712209
-0.15812673
-0.042527255
0.19819543
0.31071836
-0.16758199
0.15973929
-0.19209014
0.58298755
-0.4407493
0.52183163
-0.0403484
0.39967158
-0.16511619
0.4141713
-0.32640612
0.028865706
-0.09333746
0.22914776
-0.05728831
0.111765
0.23389538
0.15065843
-0.0049309167
-0.8064347
0.14813162
0.17376168
0.35102373
0.53865325
0.5863962
0.36849764
-0.38056245
-0.015967686
0.36090386
-0.29915878
0.4613139
-0.15477072
-0.10946995
-0.1215706
-0.066043
-0.106791504
-0.58434874
0.02077342
0.2761161
0.027794626
-0.104928896
-0.21976049
0.6376143
0.22842433
0.08845378
-0.61137944
0.659887
-0.4492757
0.4036735
-0.065553136
0.13361917
0.1936066
-0.017328389
0.16578324
0.09614203
-0.11251623
-0.272935
0.2514539
0.101257205
0.082290344
0.3312684
-0.058588155
-0.1972077
-0.32068327
0.22567834
0.18870506
-0.056290966
-0.70940304
0.44467884
-0.54554474
0.30892587
-0.21308416
-0.050175663
0.25503245
-0.1272313
0.16002722
-0.11348044
-0.016991004
-0.09351947
0.06760822
-0.13537577
-0.15068515
0.030807262
0.5369876
-0.11036712
-0.17720129
-0.088299684
-0.28867072
-0.1425766
-0.68942976
0.37291506
0.12712161
-0.47857505
-0.22610846
0.31612426
0.055989273
0.16702501
-0.007951824
0.060121533
0.48017442
0.24375875
0.08868748
-0.026768249
0.012906852
0.14695138
0.3326554
-0.060174894
-0.16046712
0.5174794
0.37701824
-0.4333295
-0.066621535
-0.0265963
-0.2030854
-0.19841707
-0.29106194
0.25041354
0.051556643
-0.306923
-0.048904933
0.42696035
-0.29956746
0.022489881
0.023713171
0.19236203
-0.25006378
-0.037009403
0.10627745
-0.15603723
-0.5045903
0.10824202
0.5394513
-0.22444837
0.33485484
-0.30193746
-0.023190986
0.011160699
-0.22451697
0.34031153
-0.045881253
0.05685298
0.25160483
-0.09416697
-0.041637972
-0.07211189
0.013674398
-0.2472313
0.23374607
-0.02269956
0.5642462
-0.49640688
0.6647071
-0.11129509
0.110616155
-0.21810703
0.012867476
0.09247046
0.26638418
-0.33605748
-0.20461366
0.29509062
0.10316801
0.36738813
-0.010123521
-0.17390995
-0.3191525
-0.29006857
-0.27624568
-0.2019239
-0.62296706
0.3001297
-0.14991044
-0.7106705
0.30640355
-0.0653211
0.5181974
-0.076214515
0.07687759
0.04426576
0.070560284
0.0026231622
-0.42755753
0.43673536
-0.0531058
-0.25071222
0.18657537
0.060585443
-0.019162893
0.10813536
0.22763105
0.07862673
0.0044963527
-0.11784937
0.41086423
-0.045076903
0.28194302
-0.28958386
-0.27358544
0.35724542
0.04403434
0.022074206
0.06513257
-0.12073377
0.21651588
-0.23635978
0.019727344
-0.07684652
0.091215536
0.5715827
-0.35748848
0.25461417
-0.43739417
-0.19668816
0.22351278
0.17222248
-0.77787286
0.06835921
0.08397974
-0.17308293
-0.1745358
0.099536546
0.23490225
0.33394715
0.14282174
-0.17875387
-0.5762527
-0.49597016
0.10426337
0.6576668
0.4578057
0.082625695
0.24100938
0.6910335
-0.2747511
0.021224188
-0.0057114065
0.4291429
-0.6017063
0.2977385
-0.15979317
-0.18378778
0.24965017
0.114213005
-0.19307922
-0.123645626
0.43113095
-0.01543264
0.21815422
-0.12145563
-0.17331979
-0.23001188
0.29336762
-0.32566115
0.10710371
-0.10334353
-0.061997972
-0.17973459
-0.4554375
0.41843528
-0.56669015
0.5892617
0.013996173
-0.34459317
-0.061979137
0.17137307
-0.2605052
0.12416643
-0.040502373
0.106921315
0.19180581
-0.16301015
0.15339896
-0.43075544
0.603085
-0.017293224
-0.20156327
0.91406155
-0.5649537
0.45895106
0.44272825
-0.1978324
0.5674406
-0.034662206
0.10432154
0.103582956
-0.46224585
0.19421011
-0.37074897
0.14322522
0.66821736
-0.19109513
0.2201457
-0.60427517
0.13573244
-0.19710611
-0.40906417
-0.314504
0.4022312
0.11192398
-0.18119332
0.34616068
-0.4661051
0.31232384
-0.22480825
-0.031392895
-0.20341513
-0.1550357
0.35433403
-0.017759854
-0.17845203
-0.1616266
-0.2304626
0.19817549
-0.023066904
0.26502764
-0.49612555
0.36878762
-0.21151972
-0.24884911
0.33632216
0.15537083
0.42865133
0.038052507
-0.036381215
-0.34465834
-0.082318895
0.050358832
0.109485194
0.05840482
0.14375183
-0.054418933
0.10379641
0.17857738
-0.41783938
0.100740284
-0.09807853
-0.09184888
-0.058320746
-0.10444705
0.077127144
-0.44382784
-0.28945285
0.058958586
-0.39927897
0.46187598
-0.620591
-0.20531505
0.05309277
0.037636206
0.25152332
-0.51747
-0.069423884
-0.021717502
-0.55567944
-0.21763177
-0.12364144
0.16771823
-0.54110026
0.6627171
0.15594369
0.061075315
-0.32012963
0.2525161
-0.038542848
-0.45068604
0.6391511
-0.46980613
0.16944577
-0.14750701
0.46399853
-0.013670528
-0.18121727
-0.3454435
0.15841304
0.46969208
-0.08809253
-0.0064505045
-0.26656204
-0.098282866
-0.116584815
0.055795945
-0.06251013
0.35620055
-0.19119443
-0.080260076
-0.5475952
0.17607015
-0.13675834
0.39355356
0.07330712
-0.10695154
-0.3663884
0.006070199
-0.08600918
0.11199022
-0.16927661
-0.017601037
0.28730774
-0.0066791596
0.21134782
-0.11582313
0.41381896
-0.43645096
0.57053554
-0.37287652
0.8200451
-0.24052705
-0.071832895
0.21617678
0.05354226
0.17864247
0.42980838
-0.47420034
0.16895115
0.8729688
-0.045184627
0.1924252
-0.14053388
0.918816
-0.7010009
0.082135566
0.44534618
-0.6670618
0.15448567
-0.22646259
-0.103089154
-0.681749
-0.051285595
0.11067005
0.12820134
-0.08887386
-0.27600396
0.57364494
-0.38806686
-0.15875871
0.3590451
0.07777775
0.07826912
-0.17659158
-0.119260676
-0.028909001
0.17043743
0.042689443
0.20998754
-0.12817192
0.35586908
-0.38150674
-0.09822675
0.29323766
0.19059256
-0.26685664
0.013590191
-0.25106707
-0.20856172
-0.08063458
0.4847609
-0.042432915
0.30903307
-0.22243115
0.16933972
-0.08591627
-0.37291455
-0.03825873
-0.1681207
0.28533563
-0.51161045
0.16230288
-0.17065988
0.055554543
-0.46789315
-0.16150588
0.022664016
-0.5598796
0.18192981
0.21770136
-0.8314048
0.4133434
-0.16533278
-0.7166523
0.16720583
-0.5512749
0.43723875
-0.5560679
0.4028183
0.12881821
-0.59477115
0.7324537
-0.29413104
0.05331463
0.42182195
0.5462533
0.4230031
0.30667648
0.03273091
-0.06899331
0.37431026
-0.4803871
0.15317766
0.13133404
0.0434133
-0.2823795
0.13523935
-0.1312544
0.3728759
0.11350173
-0.6012332
8.008066E-4
-0.38808337
0.17819166
-0.43437013
0.13480605
0.23803923
-0.5703663
-0.16147037
0.25934902
0.11955445
-0.03579689
0.5339628
-0.39044687
-0.37380436
-0.020127688
-0.1818247
0.3531613
-0.15391123
0.08888966
-0.18877468
-0.06404889
0.22780275
-0.0060288613
-0.25780833
0.6901927
-0.50285584
0.57286584
-0.291469
0.38344306
0.10597278
0.7284741
-0.703962
0.2847968
0.19712609
0.0016815724
0.061899606
0.11153785
-0.024431642
-0.18658444
0.7915611
-0.3810799
-0.5954638
0.17068218
0.42573425
-0.92097735
0.085092105
0.32244745
-0.29161415
-0.30522957
-0.42456105
-0.80654323
-0.23085956
0.3773673
-0.5472768
0.5303611
-0.251517
-0.33092198
0.35708824
-0.35934386
0.11634994
-0.01680491
0.06825545
-0.35360253
0.71792936
-0.338123
0.5882615
-0.21942896
0.5874006
-0.15174529
0.05956311
0.55732465
0.118003175
0.10561991
-0.48071954
0.23089837
-0.7815115
0.41077274
0.11914064
-0.078836806
0.19439949
-0.33402163
0.4814272
-0.4651185
0.6124287
-0.6726573
0.17416726
-0.5312143
0.33089525
-0.5449412
-0.15827367
0.103097945
-0.27910104
0.28185833
-0.37801778
0.037364177
-0.26218876
0.22399624
-0.080658644
-0.2006913
-0.16805571
0.653331
-0.011664141
0.1990795
-0.105207674
0.4543341
0.057128377
0.34635866
-0.10006111
0.5137322
0.45058557
-0.17506722
0.3291829
-0.004002147
-0.11745992
0.5523704
0.26667085
-0.45090517
0.51756835
-0.49858934
-0.012751159
0.3980085
0.052024312
-8.2473614E-4
0.11691076
-0.3105186
0.36380672
0.11220325
-0.2047414
0.1394719
-0.4228034
0.117499046
-0.18392311
-0.16479845
-0.06357422
-0.23798889
0.004827502
-0.15484734
0.37470174
0.1346654
0.053940363
-0.015117972
0.118040726
-0.10219136
0.12093645
-0.21669114
0.32523087
0.042849492
0.13639268
0.24162035
-0.4247645
0.528504
-0.2127477
0.2718306
-0.109331526
0.030733246
-0.14792198
0.2175076
0.2602204
0.03794152
0.04372901
0.004340483
-0.16727524
0.48988062
-0.76822597
0.3710446
-0.13552602
-0.23616672
-0.41644543
-0.15705511
0.1370568
-0.20522578
0.25963467
-0.26818594
-0.45011914
-0.32209384
0.581403
-0.40738934
-0.03740652
-0.22618178
-0.20504096
0.046254117
-0.018118955
-0.08200372
0.07248019
-0.35794002
0.52016777
-0.27094218
-0.2393901
0.16105555
-0.024195796
-0.23340705
0.38050467
-0.32693976
0.25644958
-0.2772423
-0.22434951
0.0463183
0.1843939
0.17646442
-0.052480903
0.07057637
-0.5358603
0.24467134
-0.37709975
0.47630736
-0.21296121
0.1872391
-0.18357198
0.3686985
-0.6132733
-0.15384379
0.2387831
0.248749
-0.06817835
0.112935506
-0.2925123
-0.07931165
0.16536173
0.07583478
0.11143755
0.17546311
-0.15630569
0.34478992
-0.7325832
0.35062927
0.07869638
0.11397444
0.6895876
-0.7042092
-0.04180835
0.7985219
-0.49412838
0.13463672
0.08429703
-0.2509021
-0.037665606
-0.05830718
0.48256907
-0.08975291
0.033051897
0.18226507
0.26265234
0.48226544
-0.3548037
0.41777515
0.036935415
0.246054
0.32949525
-0.57479626
0.063129716
-0.27114668
0.5462521
-0.11176018
-0.32100612
-0.048545264
-0.4843749
0.41879505
-0.28556946
0.23695244
0.57656276
-0.20448218
0.15026379
-0.30865562
-0.17898414
0.0015708659
0.7033411
-0.8063282
0.70535403
-0.39418465
-0.3576864
0.29088172
-0.13053662
0.1955682
-0.17251065
0.40029994
-0.431962
-0.26863143
-0.12553135
-0.1266068
0.4084223
-0.38037324
0.3897975
-0.23290597
-0.53594065
-0.39017132
-0.10098761
-0.24146691
0.3508864
-0.5511243
-0.1261194
0.1098795
-0.7099495
0.5639192
-0.27553624
-0.21580507
0.34240824
0.053663377
-0.52949554
0.0684846
0.22880062
-0.055069685
-0.07623843
0.24436723
-0.54386544
0.43514538
-0.6891018
0.5007835
0.43152487
-0.3104534
-0.6161705
-0.3540087
0.49761036
-0.4797669
0.38610062
0.021982806
-0.0633891
-0.3598365
0.5610174
0.39815772
0.14227475
-0.3144222
0.010391671
-0.05099677
0.093342796
-0.30389652
0.08896365
0.6110178
0.4071688
-0.37954774
-0.50809723
0.6878181
-0.29656935
-0.022586953
0.38205427
-0.14039797
-0.217391
0.25274843
-0.11202362
-0.4204911
0.33137012
0.3425628
0.027314778
-0.19715983
0.53628147
-0.087703936
-0.70734066
0.41947395
0.6152202
0.040266942
-0.075628616
-0.05851417
0.69768816
-0.026747346
0.17749994
0.018986696
-0.29146242
0.4970198
-0.109466605
-0.03951878
-0.14860475
-0.38215265
1.1638484
-0.3012368
-0.44421265
0.5604499
-0.40938932
0.21852608
-0.49952334
0.18956836
-0.35566723
-0.3610615
-0.39722678
0.585034
0.15297487
-0.017217766
0.09418454
-0.05717161
-0.14254089
-0.03360936
0.23233268
-0.18717507
0.13792293
-0.52534753
0.28444526
-0.2553328
0.3686893
-0.36214143
-0.017725427
0.6415386
-0.51728135
-0.3324985
-0.14639
-0.023588661
0.39235428
0.003942599
-0.12391375
-0.11239264
-0.10563896
8.606282E-4
0.42516756
-0.5469201
0.30074143
0.3363645
0.17172533
-0.5978982
0.16640298
0.24811731
-0.4750315
0.12082351
0.5153306
-0.08617559
-0.47189084
0.19226524
-0.084642425
0.4552643
0.038951498
-0.59013706
0.44276398
-0.08867895
0.19834436
0.3072217
-0.2876193
-0.53571755
0.2506462
0.16433834
-0.21838236
-0.34465286
0.5798505
-0.14683013
0.081645615
0.0031031866
0.3478516
-0.07327719
0.50412905
0.6296354
0.16923912
-0.34167054
-0.24690239
0.10514122
-0.45508
0.39396578
-0.101530455
-0.22274616
0.13046463
-0.23758808
0.1999379
-0.04755342
0.32244208
-0.3121856
0.2594203
0.2422549
-0.17932032
-0.010175177
-0.18310493
0.1773186
0.26231137
0.040730283
-0.53381944
0.08392605
0.2663078
-0.11407093
0.13091853
-0.3217975
0.3614098
-0.51988906
0.2587003
-0.6373324
-0.065793015
0.5794555
-0.27666566
-0.25017396
0.473285
0.075190075
-0.27753082
-0.47426566
0.51391625
-0.42249182
0.33214638
-0.63390434
0.30063736
-0.31359294
0.20690934
-0.23247086
-0.40876594
0.082717165
-0.33810595
0.59978706
-0.19501932
-0.27410704
-0.20648861
0.8839274
-0.6104911
-0.5206044
0.2359407
-0.14956328
0.1619248
0.16321118
-0.44876733
-0.54919726
-0.08099413
-0.18348113
0.049385052
0.116620265
0.32329482
-0.13837297
-0.30957708
0.4052613
-0.40548605
0.087448955
0.038857874
-0.16034114
-0.27313998
0.41176486
-0.72678536
-0.13084598
0.28882432
-0.076475605
-0.1661422
0.21288049
-0.4074197
0.2959865
0.26436633
-0.2427214
-0.0065290583
-0.009338653
0.27094322
0.43743673
-0.40074822
0.61491513
-0.102000825
0.23668857
0.22280353
-0.2271672
0.3098908
-0.0924167
-0.07413089
-0.27179396
-0.26409552
0.92810506
-0.73347396
0.77441466
-0.48771158
0.1088214
-0.463474
0.700809
0.103105254
0.5707932
-0.39691508
-0.02736293
0.6322081
-0.54827064
0.6477219
0.76668227
-0.21776249
-0.72102845
0.46891394
0.53966415
0.1302115
-0.08030345
-0.19531558
0.032590587
0.20692024
0.06684967
0.049468275
0.16872083
0.3560669
-0.5743333
0.45032528
-0.22835144
0.49373806
-0.5481499
0.31871486
0.43269056
-0.0030765648
0.09362512
0.08554928
-0.3125374
0.61952055
0.38409302
-0.59118
0.39020973
-0.038295113
-0.16139382
0.16143838
1.0820715E-4
-0.21054886
0.21429986
-0.054501135
0.051564634
-0.09656607
-0.1395301
0.32525003
-0.37347683
0.3171341
-0.5284985
0.34552363
-0.09779361
0.11169315
-0.15705857
0.23511738
0.18215965
0.2308788
-0.1704313
0.5200645
-0.87578875
0.44248527
0.10977635
0.31787986
-0.22853242
-0.16873558
-0.61344934
0.053021535
0.69426584
-0.35718772
-0.024632756
-0.2945588
-0.14370182
-0.26280543
0.5221926
-0.21052319
-0.40676278
-0.25117183
-0.046765245
0.35116982
-0.17548127
-0.19317903
0.20487213
-0.03464238
-0.24204898
0.41948262
-0.31122145
-0.2640734
0.29043338
-0.40234372
0.8390609
-0.3655253
-0.06977951
0.19617079
0.097107634
-0.24261585
0.22469889
-0.352835
-0.2820974
-0.049411092
0.1495396
-0.2508798
0.18769641
-0.07072191
0.045708004
0.3181799
-0.14260353
-0.21297058
0.018147117
-0.18105964
0.01927081
-0.11156569
-0.22110179
0.34095222
0.030325273
0.052206647
-0.30594614
-0.01992693
0.1759621
-0.30062303
0.42929447
0.008559128
-0.23641069
-0.013283134
0.21683659
0.1554441
-0.2776872
-0.25548595
-0.41291994
-0.19485861
0.22768937
0.22133611
-0.3440816
-0.10350634
-0.077508315
0.44018498
-0.34957483
0.12653296
0.41488242
-0.27799886
0.44341275
-0.8280317
0.33782542
0.48067653
-0.16879585
-0.15033422
0.013467694
0.05986467
0.027373169
-0.505665
0.6567281
0.18686546
-0.23587333
0.0329089
-0.53505826
0.25983977
-0.12000596
-0.6774023
0.3389844
-0.095136106
-0.013209632
0.25557327
0.23893026
-0.0060041468
0.45376575
-0.24638732
-0.16234244
-0.063830085
0.11573146
-0.2708079
0.26544118
0.08827736
0.08267057
0.14050354
-0.29476234
0.2753473
-0.036502752
0.23668134
-0.50240177
-0.027916644
0.09143918
0.06043508
0.32541832
-0.21017772
-0.1295208
0.10297895
-0.507946
0.57600033
-0.7818332
0.5722019
0.33663887
-0.8458218
0.6451045
0.60067254
-0.55927134
0.31207246
0.0474562
0.13802034
-0.2720743
-0.2335439
0.15106067
0.064216234
-0.37668544
0.21324396
-0.4453535
0.7080711
0.11407652
-0.90735275
0.4053425
0.06721766
-0.10612883
-0.37211928
0.34360984
-0.3295666
-0.03970191
-0.19184919
0.5441581
0.17228213
-0.1452781
-0.01079279
0.4622011
0.13343857
0.05459365
0.480664
-0.07529537
-0.2850746
-0.36152518
-0.059274536
-0.42299283
0.4887608
0.23982976
-0.040278204
0.10883507
-0.09545508
-0.20982999
0.29307696
-0.62826157
0.013960695
0.31081855
0.23170806
0.013191522
-0.34045497
0.36669007
0.2677166
-0.44403175
0.25824404
-0.3625664
-0.2671907
-0.16211478
-0.06225724
0.34144998
-0.042439662
-0.14930564
0.1890153
0.16752167
0.08686695
-0.08884212
0.012398449
-0.26036856
0.1543547
-0.64282006
0.14192465
0.29638806
-0.27617034
0.37458026
-0.4092262
0.6475549
-0.10454866
0.15983982
-0.4521397
0.42760164
-0.41998574
0.61021054
-0.91339886
0.53195333
0.16963278
0.594059
-0.06938
-0.36841673
-0.030871723
-0.35763294
-0.20328732
0.2369807
0.31815386
-0.42215466
-0.18073131
0.113363415
-0.55024767
0.022428693
0.20124887
0.28359085
0.24982245
0.15424205
-0.17785364
-0.21261187
-0.1299323
0.20393245
0.2792642
-0.0030293532
0.1976993
0.040157337
-0.059424005
-0.08048626
-0.20456974
0.40637824
0.27006793
-0.42014697
0.5405787
-0.42214677
0.3583705
0.2557539
0.096865915
0.19220944
0.47109523
-0.22764058
0.06473273
-0.18085806
-0.17960452
-0.08689128
0.2928091
-0.1708191
-0.19958118
0.34257755
-0.56249744
0.30475625
0.21168537
0.30724224
0.13948825
-0.492799
0.31994602
-0.1159836
-0.3912513
0.668804
-0.60780627
0.47857445
-0.08767055
0.43949685
-0.005642078
-0.20627156
-0.063622296
-0.20128752
0.3146274
-0.026839698
0.0034601507
0.05202126
0.37426063
-0.33610862
-0.10671052
0.23788476
0.018511703
0.25027347
0.12829706
0.30594948
-0.49420935
0.3374206
-1.0712535
0.39611155
0.3332899
-0.15899415
0.72527534
-0.81406677
-0.15901765
0.34737542
-0.29466254
0.4232681
-0.4608908
0.02480014
-0.10577447
-0.46575066
0.1712461
-0.019560976
-0.29501674
0.31387156
-0.4173198
-0.024035338
0.21683992
-0.11019581
-0.2943014
-0.027953878
-0.22632837
0.14511164
0.20313288
-0.2749634
0.3084623
0.0073314635
-0.2818255
0.55839735
-0.13498062
0.066818304
0.12532182
-0.32655188
0.35335782
0.29700324
-0.33060274
0.14065641
0.5323042
-0.8340111
0.14569841
-0.67544353
0.43341193
-0.61452335
0.01102086
-0.09018076
-0.18669492
0.2920742
-0.109381765
-0.2674952
0.4965989
-0.3734298
0.36333492
-0.07959103
0.15854259
-0.42750078
0.10482872
-0.15631312
0.18404852
-0.30036312
-0.052095152
0.40910462
0.53289604
-0.22320336
0.05003292
-0.05726578
-0.030263737
0.23003373
0.25433558
-0.5490859
0.014187985
-0.020480214
0.3056292
0.117030755
-0.09494079
-0.11346322
0.18402712
0.04003989
-0.017475706
0.010456007
-0.5067001
0.42846754
-0.33856928
0.46525258
-0.29577
0.13687159
-0.11471713
0.052649744
0.3014657
-0.22368427
-0.63452137
0.1432403
0.06948024
-0.609505
0.42555726
0.4257258
-0.4354836
0.22544171
-0.22757463
-0.43965656
0.2722542
-0.09578421
-0.31792423
0.7480427
-0.35469136
0.50346786
0.09836043
-0.09239664
0.10216529
0.3267349
0.0361472
-0.42844477
-0.23652716
-0.015696414
0.55906177
-0.8470251
0.37330532
-0.32774064
0.3532088
0.29921335
-0.69920033
0.62861085
-0.7647369
0.4074584
0.032931786
-0.047250614
-0.016457174
-0.013203818
0.08117714
0.15639555
-0.5062434
0.26539627
-0.41303852
0.23205517
0.26931563
-0.6827458
0.2160321
-0.24728306
0.419994
-0.22539632
0.5221678
-0.19196796
0.052669063
0.27942708
-0.14509065
-0.37488434
0.33881122
-0.5154668
0.50494593
-0.3312922
0.28909686
-0.47984707
0.3310233
-0.28675833
0.8567084
-0.5128039
0.26067972
0.38513386
-0.30472606
-0.75060403
0.25704858
-0.75724566
0.80554837
0.17336379
-0.6559926
-0.048845243
0.11215516
-0.20319298
0.07629057
-0.9800678
0.7699036
0.12672321
-0.31332418
0.12895393
0.42654306
-0.36638197
0.42771354
-0.38814628
0.41282403
0.15874901
0.045398757
0.036405124
-0.15139557
0.18133086
0.029616736
0.082404874
0.06069803
-0.08304699
-0.29930195
0.30115584
-0.22188354
-0.6279851
0.14436018
0.21944074
0.10175175
0.07781941
0.12617633
0.26126546
-0.009176723
-0.018578127
-0.0440278
-0.023162501
-3.334899E-4
-0.4483473
-0.019026209
0.023243917
0.11029453
-0.29656127
0.23512278
-0.17113984
0.24721219
-0.15478803
0.20001742
-0.2396738
0.50379306
-0.08185458
-0.083441414
-0.35991785
0.07743238
0.76207453
-0.39612928
-0.36911848
0.14468057
0.45309052
-0.20245127
0.09091656
-0.38466895
0.21946365
0.29512382
0.19884573
-0.27729076
0.5070479
0.21474585
0.7088805
-0.936781
0.12738423
0.085956596
-0.34593955
0.13333105
-0.3595743
0.23091453
0.2082999
-0.13606897
-0.0363695
-0.16242605
-0.09341426
0.07551539
0.22378203
-0.11109716
0.012337759
0.5077344
0.14609727
-0.21973687
-0.078042366
-0.1774132
0.46997952
0.099089555
-0.2653182
0.2750938
-0.5841786
0.6570501
-0.59665906
0.5652894
-0.3681177
0.3054627
-0.08155607
0.34212843
0.21868514
-0.09981366
-0.37006435
0.20553362
0.08392223
0.016393399
0.57237965
-0.016587896
-0.13999054
-0.16040273
0.6759925
-0.4134144
-0.04319771
0.1433226
0.4455642
0.016341943
4.869827E-5
-0.43643838
0.75961137
-0.2607628
0.298487
-0.31203425
0.028485624
0.12476928
0.2602527
-0.2818693
0.077034116
-0.061845668
0.120345876
-0.19353338
0.0049746814
0.43571237
-0.26762342
0.5267339
-0.17271982
-0.36066115
0.3738983
0.47036746
-0.2698089
0.11522486
-0.026519874
0.32938662
0.051692806
0.06695341
-0.42229134
-0.057760466
-0.47519237
0.1013194
-0.71069247
0.24404816
-0.05229069
0.06732185
-0.16422766
-0.31461838
0.048402097
0.5238838
-0.09655187
-0.7072042
0.06896064
-0.23882537
0.10366705
-0.110299185
-0.530181
0.34875646
-0.13704713
-0.09166426
0.21435533
-0.5797223
0.33764538
-0.0049366998
-0.38132837
-0.030434605
0.32742968
0.15423813
-0.41737393
0.15091848
0.029836513
0.07563316
-0.20490961
-0.42723143
0.23656566
-0.11148388
0.19775917
-0.15669332
0.38541776
-0.044229493
-0.23140319
0.019273927
-0.8082019
0.2317434
0.57300645
0.14670402
0.20731813
-0.35038412
0.17940077
-0.47729027
0.18508641
-0.33234444
0.18335074
0.09388709
-0.22964217
-0.24384506
0.43711948
-0.123035274
-0.10704521
-0.11719225
-0.45213154
0.16928668
0.15369646
-0.021090936
0.33388653
0.4444993
-0.25027043
0.52280885
0.21059713
-0.40096426
0.3079767
0.06416367
0.29226872
-0.33262146
-0.084203504
0.8122661
-0.2033819
0.19356641
-0.2085603
0.6090432
0.3025283
-0.69560266
0.6575672
-0.21623255
0.29422915
-0.06960301
0.39622292
-0.02830995
-0.07478716
-0.30045366
0.17175262
-0.6346351
-0.12504499
0.020991344
0.04395093
-0.5420316
-0.099634565
0.38544032
-0.79756844
0.8192956
-0.40485454
-0.20433
0.15207258
0.22815046
-0.013218888
0.25055528
0.24666089
0.037517805
-0.35434374
-0.39758393
-0.48447454
0.25637305
0.23463717
-0.5952027
0.04082103
0.6958425
-0.04486379
-0.24996707
0.4936997
-0.60385036
-0.11291296
-0.3027195
0.17622215
-0.30834743
0.18212399
-0.1459775
-0.16710527
-0.06017033
-0.47534266
0.5520637
-0.7718086
0.25280783
-0.3508504
-0.13641705
0.34891483
-0.12746465
0.420299
-0.30395767
-0.14324114
-0.43385115
0.22651823
0.24002558
-0.11840007
-0.5533337
0.4243482
-0.52215827
-0.20004392
0.3506531
0.2984606
-0.24561417
0.055981494
-0.6053486
0.16296367
-0.1548889
0.097461574
0.596246
-0.10170387
0.12774925
0.16817792
0.033221744
0.6183002
0.2310955
-0.06454804
-0.0023533844
0.08242871
0.27303374
-0.79740655
0.101984225
0.62292063
-0.7181861
-0.40769133
0.1792408
-0.38855818
0.46492693
0.23834552
-0.22480585
0.06078211
-0.094084546
0.18797415
-0.22905591
0.04770548
0.27343372
-0.50942105
0.340353
0.27043247
0.1935138
0.21860392
0.29450935
-0.039530564
-0.058694344
0.108883165
0.33379152
0.16113275
0.27378258
0.49162307
-0.61339206
0.2606512
0.06406548
-0.69345605
0.6215498
-0.18299423
0.324488
-0.23077126
0.12505138
-0.0064168354
-0.3444471
0.27446312
0.5311083
-0.4638692
0.48097506
-0.7012232
-0.3577602
-0.63562876
0.32411194
0.20288242
0.10117588
0.19254048
0.4413861
-0.39508542
-0.3438762
0.39290038
-0.5820385
0.10411397
0.04148681
-0.5473748
-0.105693825
0.34194985
-0.84806675
0.18829948
-0.30152416
0.36810133
-0.06565518
0.18841821
0.17263314
0.6726508
-0.5977252
0.52702206
-0.115757436
-0.30464557
-0.18969752
0.5008307
0.31840575
-0.35046592
0.32731816
-0.6164224
0.07351534
-0.06686302
0.07847476
-0.37521926
-0.17748229
-0.43631402
-0.11113876
-0.043461688
0.39312226
-0.25945854
-0.0064720134
-0.20421836
-0.07735416
-0.6233428
0.041987773
-0.018506706
0.106534176
0.29924026
-0.25942156
0.29507568
-0.020500302
0.123956904
-0.5057396
0.5665727
0.54142886
-1.0952942
-0.16660273
-0.08615834
0.15615967
0.33183676
0.5120834
0.7876262
-0.13578884
0.09640501
-0.653442
-0.27060694
0.026296396
0.5229688
-0.19517723
-0.40484676
0.53152543
-0.05293597
0.10115233
0.037156075
0.4153074
-0.73733395
0.99100536
-0.31716973
0.21520376
-0.05048035
0.024228869
-0.08287706
0.028780589
-0.21959224
-0.0116882175
-0.033688776
0.43251002
0.28183007
0.15865703
-0.5985133
-0.13868903
-0.1527109
-0.032607816
0.08478249
0.11815941
-0.12520048
0.20245549
0.22655718
0.58217645
0.26083007
0.13685204
-0.08868183
-0.33575433
-0.2004032
0.14526461
0.22386238
0.008689589
0.53284645
0.154202
0.14667636
0.28611705
-0.8361551
0.17238842
-0.024323262
-0.25776243
-0.005323652
0.20176929
-0.3374604
-0.3719491
0.6928803
-0.01361167
-0.018532237
6.294764E-4
0.05990702
0.0984165
-1.0256075
-0.23757705
0.31600377
0.7155984
-0.2713801
-0.17825054
0.011042393
-0.062013328
0.46015656
-0.1846348
-0.34220982
-0.15603511
0.4041188
-0.42597088
0.21503042
-0.24197401
0.41611764
-0.25666675
0.14076039
-0.0044153207
0.14719607
-0.8297546
0.2982876
-0.39817387
0.5311051
-0.67378724
-0.41208607
-0.016979525
0.16804601
0.5517073
0.66659576
-0.17990187
0.15263987
0.20466173
-0.071453154
-0.1695255
-0.2689123
-0.61076957
-0.05965662
0.1910337
0.32953456
-0.39742756
0.63507867
-0.25654677
-0.3384363
-0.51501244
-8.1647636E-4
-0.48981848
0.31772932
-0.34175798
0.5125749
-0.59458494
0.02681047
0.49149197
-0.0404052
0.2703096
-0.38004792
0.6203564
-0.3875164
0.4095105
-0.12889318
0.2073224
-0.39972067
-0.08389821
-0.04774169
0.7179312
-0.4610042
-0.10948781
-0.23526923
0.40657687
-0.2526928
0.2719911
-0.16358161
0.42289382
0.23758073
0.04215597
-0.29869527
0.040215034
0.08312193
-0.17459556
-0.39394337
0.2608856
-0.13415943
-0.1140536
0.049809944
0.059789754
0.32004973
-0.1451718
-0.35102347
0.2665745
0.36566815
-0.20849329
0.06696165
-0.040736876
-0.78256756
0.4681111
-0.10640249
-0.35479796
0.090371035
0.075067796
-0.03602174
0.25185913
-0.13993435
-0.037951432
-0.08306033
0.32358125
-0.16369167
0.2033034
0.44545493
-0.18625769
0.24433161
0.27399054
-0.32489252
-0.0027270692
-0.012882577
0.358291
-0.19468531
-0.08086545
-0.15770292
0.3559606
-0.5099291
0.2843258
-0.45030856
0.31280974
-0.43545595
-0.066394664
0.14100865
0.38514364
0.20828383
-0.4568139
0.07142749
0.04674192
0.49866876
-0.3227468
0.08585256
-0.24802323
-0.1832217
-0.04539665
-0.36975893
0.2204252
0.25045842
-0.22216976
0.05501973
-0.058031153
0.39794907
-0.1752535
-0.24872047
0.2523984
0.39081436
