0.017879443
0.38727656
-0.6299838
0.21071388
-0.20405611
0.51941824
-0.22843586
0.11238582
0.19459894
-0.26586807
0.22214817
-0.59190655
-0.065238446
-0.27097484
0.06428731
0.2588411
0.09367758
0.44275728
-0.54300976
0.39584744
-0.30281678
0.48106802
-0.47827443
0.3240935
0.08324298
-0.18328552
0.15773007
0.11553169
-0.04978747
-0.20154719
0.13211465
0.19814895
0.45830223
-0.44793394
0.4538996
-0.6964167
0.46997312
-0.46227854
1.018817
-0.49262017
-0.073079444
-0.03487256
-0.37506166
0.2252448
-0.33142212
0.16058895
-0.0858116
0.15448216
-0.07302124
-0.14131296
0.47278547
0.054860484
-0.43676746
0.49354562
-0.8153059
0.71407074
-0.26820776
0.12912372
0.10775155
-0.4331007
0.46198592
0.051453006
-0.14206234
0.46329138
-0.33604744
0.23951127
0.25197667
-0.11558713
-0.014642155
-0.27662727
-0.25619933
0.13334846
0.03247901
-0.44539556
0.3878846
-0.04908462
0.43304446
0.2649785
-0.10856287
-0.26227137
-0.5806271
0.016263604
0.01527709
0.113930926
0.22174245
-0.5238339
0.020353278
0.11093484
-0.37431145
0.11330177
0.2048628
-0.49150345
0.054668833
-0.33093056
-0.2918433
-0.43942973
0.046591364
0.45172143
-0.22415712
0.18408449
0.11832649
-0.7900167
0.15694244
-0.048618816
0.16584785
0.34481013
0.30184653
-0.13766062
0.12525076
-0.13897954
-0.075647004
-0.0029400054
0.024738945
0.32181838
-0.97776514
0.49356183
-0.61784655
0.40876514
-0.08135647
0.11144412
-0.07054602
0.04765455
0.05978709
-0.10891711
-0.27257064
-0.16729884
-0.50537246
-0.18510331
0.04803287
0.025828404
0.014858333
-0.14674722
0.22988921
-0.23045872
0.8524197
-0.6703665
0.4233814
-0.24644616
0.0960297
0.3475274
0.048912887
-0.5919002
0.6626912
-0.2624328
0.30859882
0.06006471
-0.38803986
0.50245905
-0.46469906
0.6822989
-0.30597112
0.29743835
-0.08849634
0.3425985
-0.300497
0.63062155
-0.35815755
0.49816132
0.37135458
-0.22734626
0.50201714
-0.48830235
0.5320417
0.063488714
-0.6789772
0.6612536
-0.13536726
0.1864212
-0.20108938
-0.42363513
-0.2567703
0.058813304
0.5478798
-0.54500395
0.123398915
0.36167493
-0.22978508
0.004489605
0.19452439
0.41495317
-0.26104575
-0.08351919
-0.022510113
-0.3203162
0.19628957
0.21297443
-0.20294666
0.22918214
-0.35926083
0.27484035
0.5332495
0.23909439
-0.4165382
-0.24187759
-0.032375973
0.6188647
-0.7388426
0.40985098
-0.06051784
0.1704491
-0.08086742
0.06329653
-0.045584224
-0.07955189
0.24525048
-0.23550557
-0.008412517
0.06045415
-0.04617083
0.28057334
-0.40194884
0.47475007
-0.12133813
-0.10941116
-0.06287976
-0.016511362
0.05997154
-0.26363805
0.53106403
-0.3668576
-0.16560611
0.021466637
-0.16283256
-0.24982497
-0.114018306
0.16671556
-0.6930544
0.5385012
-0.0320729
0.057665285
-0.13182378
0.43401396
-0.37023565
0.618873
0.20084694
-0.24262947
-0.24933174
0.05362261
0.30843747
-0.28451163
-0.11472163
0.80961293
-0.6706991
-0.22324665
0.24612561
0.08990923
0.25245062
0.26194972
0.06557372
0.056231227
-0.47245198
0.26282957
0.5330248
-0.5100679
-0.46049938
-0.3904495
0.5406191
-0.42177027
0.21256186
-0.14252035
0.2845067
-0.43616495
0.016145306
-0.20183551
0.39042014
-0.6385342
0.20381801
0.21501929
-0.5250741
0.7328092
-0.6598097
0.2717561
0.102320634
-0.24872527
0.014308644
0.14104535
-0.24624063
0.028132346
-0.14931943
0.265411
0.022287086
-0.13916394
-0.6023484
0.15941988
0.42888576
-0.57041496
0.6473847
-0.061604768
0.16310811
0.20266345
0.48145372
-0.5475713
0.41412577
-0.37307817
-0.4225716
-0.12182123
0.3473527
-0.3216488
0.19544731
0.30275768
0.22170842
-0.4696894
-0.134823
0.03375647
0.078609854
-0.3342162
-0.042668086
0.35467416
-0.4835261
0.1702387
-0.4812039
-0.03627946
-0.23272546
0.48519668
-0.26504186
0.12421176
-1.0371914
0.8546356
0.43383393
0.47101638
-0.4586292
0.3867834
-0.16411518
0.0116509525
-0.08683985
-0.19443768
0.08381493
0.04579119
-0.4292751
0.5197867
-0.6010881
0.33558777
-0.11556044
-0.03830797
0.06332926
-0.41152078
0.17371678
0.21175106
-0.457696
0.36154574
-0.5144357
0.49686813
-0.15793173
0.0850105
-0.20153026
0.025229191
0.051816974
0.23087315
-0.23350044
0.2940736
-0.59734863
-0.037991557
0.18766195
-0.29026914
-0.05631686
0.115901455
-0.5359586
0.78005856
-0.08899936
0.04401744
-0.21913753
0.36227876
-0.38811028
-0.5012052
0.4804675
-0.38007793
0.8262918
-0.4028472
0.023739925
0.550089
-0.41638848
-0.1633657
0.16856071
0.25012854
0.27852488
0.033089355
-0.10186056
-0.12163311
-0.14860956
0.7424054
0.39968807
-0.23170842
-0.59997565
-0.3161072
0.18861237
0.14036252
0.35257733
0.00918598
-0.05590867
0.3897414
0.030223042
0.018367205
0.01296655
-0.061973065
0.18488696
0.0012095644
-0.08330694
0.30122027
0.001374834
0.27425668
0.3430697
-0.32679546
0.188719
0.43512455
-0.34745213
0.09012486
0.2408702
0.40582833
-0.28482577
0.77860594
-0.54290974
-0.22075577
0.1926445
0.27976462
-0.595397
0.24401644
0.17263277
0.1764639
-0.858056
0.6787676
-0.5835102
0.18635587
-0.35629982
0.18281089
0.28205824
-0.12928337
0.5940315
0.074532405
0.058879856
-0.26985604
0.18385705
-0.0131495325
-0.24483325
0.41724935
-0.57032615
0.8118786
0.097631924
-0.3897129
0.15686874
-0.086964786
-0.30265757
0.5000235
-0.09096249
-0.37987614
-0.26854974
-0.13897915
0.15907308
0.27667016
-0.33502385
0.254305
-0.58742
0.3300368
-0.24746391
-0.022067979
-0.54126525
0.278041
-0.04913781
0.091507204
0.0201214
-0.17662941
-0.03619005
-0.3536781
0.2289534
-0.34062758
-0.16947246
0.16979298
0.07213682
-0.5896829
0.2098894
-0.20818661
-0.0350167
-0.15158147
0.090836175
-0.6949789
0.40999466
0.45992392
-0.6556478
0.4855768
-0.15135705
0.03646902
-0.2187832
0.01740845
0.31461748
-0.032165255
0.4546477
0.06973977
0.34671125
-0.44395888
0.044000227
-0.099179536
-0.29928225
-0.33622554
0.389259
-0.29516113
-0.050412748
0.22677445
-0.16171955
-0.40507337
0.7357391
-0.87838393
0.227298
-0.004632231
-0.21696445
0.07743754
0.10858858
-0.7984681
0.4863936
0.040188804
0.124896534
0.39158416
0.077657446
-0.27667424
0.103711054
0.16621278
0.0025050028
-0.15044051
0.6390273
-0.052047826
0.3338002
0.060482584
-0.4475986
-0.006557792
0.12845013
0.34327874
-0.46260685
0.4932077
-0.16188695
0.022628179
-0.013655397
0.18751514
-0.31660828
0.5477937
-0.21157259
-0.12581363
0.31746662
-0.08383204
0.25296456
-0.30299237
0.14663537
-0.067817286
0.056609634
0.16341108
-0.14557506
0.3359577
-0.06724302
0.22947705
-0.15876688
-0.03431736
-0.38465852
-0.0075206687
-0.21240366
0.12455588
-0.20728727
0.12893511
-0.017661093
-0.3928895
0.5219632
-0.12668812
-0.13706458
-0.028274115
-0.1095368
-0.0825086
0.008589055
0.14841601
0.15934741
-0.23471542
0.43166634
0.028035345
0.14465599
-0.2653049
0.17078291
-0.085232824
-0.2834179
0.44470283
-0.20060079
-0.23737669
-0.14752278
-0.04411627
-0.10049732
-0.09218739
0.048390344
-0.3483446
0.039839864
-0.33178407
0.41918632
0.04637399
-0.22745508
-0.06960158
0.4190237
-0.5761183
0.59162784
-0.18736678
0.01371841
-0.018454745
-0.40796107
0.11323315
0.24823911
-0.027734792
-0.13672917
-0.099766225
-0.039732795
0.5601354
-0.42864913
0.102409616
-0.042771626
-0.023237118
-0.08441095
-0.29288933
0.17893073
-0.26300886
0.06408506
-0.31878698
0.46373764
-0.004397387
0.042875472
0.17080419
-0.031916503
0.034905884
0.40835732
-0.4975026
0.34417397
-0.19619636
0.25971195
-0.23022181
0.42159384
-0.08451269
0.009497791
-0.007878591
-0.4819148
0.6705121
-0.30678916
-0.21372724
0.029350864
0.6554108
-0.29239455
-0.5003722
0.532216
-0.89367926
0.40857008
0.25769207
0.25182644
0.25525227
0.23218456
-0.12985545
-0.16871941
0.082835734
0.28146005
0.0376586
0.07133254
0.14722942
0.011810084
-0.08958752
-0.64304364
0.42926493
-0.25489956
0.09547345
0.23658928
-0.26402286
0.28085026
0.11547525
-0.4560223
0.09659809
0.03979057
0.13212362
-0.29546466
-0.019857196
-0.11407562
0.09311485
0.3858616
0.04902455
0.15331773
-0.22896586
-0.075498186
-0.29394403
0.020837355
0.46382722
-0.09367712
-0.3951481
0.4332032
-0.18943015
-0.26704127
0.10523504
-0.15988
0.22372493
0.037614472
0.26526332
-0.17206016
0.018554194
-0.24881549
0.51413524
-0.1650587
-0.19133297
0.49550492
-0.83500093
0.3353848
0.11113544
-0.25371116
-0.30419075
0.11853674
0.18508382
-0.260275
0.62403923
-0.06716805
-0.2667471
-0.17801401
-0.4942001
-0.44709763
0.16501106
0.34207863
-0.23484614
-0.116012625
-0.20872326
0.20943357
-0.5787422
0.2265157
0.6913539
-0.3188262
-0.1737174
0.004370941
-0.12155018
-0.08008188
-0.01699464
0.2630359
-0.33084098
0.68481207
-0.29154128
0.14343451
-0.2858142
0.7138244
-0.45575818
0.079350695
-0.13810153
-0.13320011
-0.14912671
0.35762948
-0.32368198
-0.09890411
0.32030228
-0.17831397
0.1569541
-0.10204242
-0.07575185
-0.08565272
0.056970995
0.11839699
-0.053775307
0.06787879
-0.19937177
-0.4161097
0.054761417
-0.052256837
0.2820332
-0.5193137
-0.083627656
-0.009952641
0.13682026
-0.29711014
0.41793022
-0.0586617
-0.2779726
0.5347641
0.24537072
-0.28910044
0.4912541
-0.20277815
-0.53990436
0.19071588
-0.031001013
0.38682708
0.040031206
0.45766845
-7.022413E-4
-0.4725191
0.044340946
0.56948835
-0.12188776
0.21098211
-0.029305173
0.40609187
-0.63524985
0.3228555
-0.009306562
0.46822393
-0.24914135
0.055636574
0.2174121
-0.62803257
0.6084428
-0.41720322
0.2042387
0.0020188717
0.16769187
-0.33388773
0.10738299
-0.09679268
0.49331647
-0.1570422
-0.10866805
-0.07314739
0.094587
0.22996648
-0.19965133
-0.22783862
-0.12501042
0.33963987
0.078715675
-0.24943233
0.21171011
-0.3155099
0.4705798
-0.46887273
0.4796526
0.28891528
0.18073498
-0.3588638
0.15797098
0.5170445
-0.33853573
0.13489072
0.23650685
-0.18130861
0.05897782
-0.37005842
0.46901852
-0.42070755
-0.1322087
0.29768202
-0.72468305
0.39237323
0.8289089
-0.31939492
0.007918952
-0.25326973
0.21381602
-0.5284183
0.36263937
-0.08384286
0.16811267
-0.18147661
-0.11683872
-0.21872225
0.3157648
-0.20470403
0.10823314
0.10915316
0.10361056
-0.5540673
0.1611757
-0.51241356
0.33752066
-0.10251875
0.027998583
-0.10716025
-0.07587196
-0.13679446
-0.12619372
0.17700964
0.03718566
-0.045112282
-0.03020192
-0.1569443
0.10259335
-0.0633521
-0.174359
0.091501854
-0.24519747
0.13763878
-0.17085202
0.055517603
0.003503064
-0.16397458
0.372147
-0.25721177
0.15479638
0.08398023
-0.06416985
-0.41619557
0.15029427
0.38528138
-0.063461505
-0.27777353
0.2463831
0.2616295
-0.14450772
0.05240479
0.11960061
0.24822085
-0.37583828
-0.13617642
0.5045164
-0.20225236
0.41860703
-0.3844128
-0.5400731
0.35476494
-0.34878415
-0.11328447
-0.07064848
0.28963336
-0.278542
-0.1941468
0.06438301
0.19867879
0.008017362
-0.01598083
0.06105812
-0.51966083
-0.12604566
-0.37524366
-0.45644397
0.55536795
0.09366287
0.45085907
-0.24908161
0.23603131
-0.054133557
-0.029669093
0.3102288
-0.14019807
0.057193376
-0.12514174
-0.052973818
0.3940439
-0.26847917
0.6487972
-0.49188218
0.20633417
0.064240865
-0.032355685
0.027190445
-0.4215299
0.19458129
-0.055977855
-0.2098622
0.29816678
-0.2025645
0.046522617
0.097798474
-0.091928184
-0.10951821
0.5784032
-0.38226917
0.114742905
-0.36024103
-0.059816144
0.32971558
-0.62771434
0.49391538
-0.55296755
-0.10667083
-0.19222721
0.37559116
0.16501093
-0.6758635
0.0095924735
0.56961644
-0.041935466
0.39367798
0.039060693
0.02371333
0.38189948
0.57474065
-0.35103992
0.34148464
-0.024538819
0.16047454
0.080094285
-0.057117436
0.013705985
0.039056715
0.7715724
-0.29509237
0.462405
0.0023273048
-0.4112059
-0.18482229
-0.035953812
-0.09448453
-0.11639677
0.09003006
-0.19120884
-0.063388586
0.064881176
0.17387947
0.026421735
-0.16994739
-0.05464997
-0.260372
0.09327032
0.14543854
-0.3550106
-0.39687204
0.25805032
0.09466481
-0.07583122
0.06795923
-0.04665899
0.2813424
0.20545019
-0.06739297
0.012451221
-0.39483514
0.37868175
-0.087698966
-0.0824563
0.1314924
-0.061202884
0.5381755
0.1301
-0.5082077
0.2276204
-0.30657485
0.18463472
0.25760922
0.11743358
-0.19434294
-0.018099679
0.26390818
-0.10438257
-0.27209392
-0.20573425
0.22702259
-0.1705893
0.11847282
-0.20744725
-0.47325337
-0.2054173
0.12772562
0.041774724
-0.30239218
-0.33195338
-0.031697858
-0.033969164
0.25100473
-0.48562783
0.13707341
0.05538806
0.22767866
0.21482162
-0.030879436
0.2694166
-0.1330894
0.3038004
0.032292712
0.51866734
-0.5686108
0.28520316
-0.27146548
-0.07452794
0.021311512
0.3205417
-0.101768635
-0.003038049
-0.14025638
0.07348618
0.24455993
-0.13940363
-0.31063458
-0.046131488
0.31312823
-0.5105195
0.33145216
-0.46514836
0.11157047
-0.09078199
0.13847646
0.052676473
0.091615304
-0.081704244
-0.17042601
0.05960516
-0.3722503
-0.15098219
-0.11457816
0.3335576
0.029306006
-0.18408187
0.36289266
-0.62234294
0.0044112667
0.027261412
0.3785246
0.04352781
-0.17808071
0.22459221
-0.45948666
0.2955839
-0.1068269
-0.27933192
0.17362858
0.44574937
-0.21796384
-0.5212453
0.25193894
0.15364516
-0.14393494
0.12541458
-0.086102776
-0.3365805
0.05577826
-0.12151393
-0.23955874
-0.231364
0.053825065
-0.28328586
-0.07336115
0.03028084
-0.3095287
-0.06844281
0.4443338
-0.08746435
0.64465696
-0.0723138
0.04959969
-0.4488354
0.37269217
-0.10328258
0.03603801
-0.09498026
0.22469682
-0.32813278
0.27985218
-0.24063016
-0.3830309
0.77628356
-0.5597063
0.46237475
0.036342416
0.10883479
-0.2640504
0.24501036
-0.3529125
0.10513449
-0.08528615
0.2748296
0.017928855
0.081776604
0.14948349
-0.3643629
-0.34500694
0.045677688
-0.04977785
0.21054599
0.27468076
-0.08414631
-0.44566196
0.29360658
0.0017857201
-0.2016117
0.20680621
-0.5506082
0.50843406
0.1537819
0.32759115
-0.30057624
0.37386963
0.06020327
0.22237152
-0.29132634
0.13446873
-0.14743856
0.32639575
0.4132896
-0.47172558
0.27112046
-0.0019514716
0.009930636
0.25121036
0.34366003
-0.11219679
0.3405757
-0.020218054
0.4629929
-0.73978883
-0.028229255
-0.7893629
0.28326333
-0.10219579
0.6010476
-0.56979436
0.17879081
0.0895263
-0.019108864
-0.1433391
0.2865777
-0.19664694
0.3816573
0.3914377
-0.6911833
0.51477385
-0.18663096
-0.30180454
0.32582602
0.099968106
0.33065408
-0.19147931
0.5890652
-0.3038408
0.27790144
-0.6223798
0.58401364
-0.42296693
0.5817366
0.23357293
-0.27348885
-0.036627557
0.06690441
-0.097058766
0.3362222
0.08066613
-0.21648765
-0.33254898
0.08800236
0.2737024
0.4613129
-0.26659417
-0.49804524
-0.28726965
0.16631018
-0.22290881
0.3538947
0.46941596
-0.118147545
0.13608521
-0.031258073
-0.36015967
-0.5837813
0.6827229
-0.072631545
-0.2380188
0.121888876
-0.3240797
-0.3617767
-0.23461364
-0.3514399
0.23012632
-0.68860954
0.8514361
-0.05054259
0.50261986
0.11949254
-0.21077259
-0.23276155
0.32875413
-0.10833333
-0.2101252
0.2852083
-0.1318526
0.06731441
-0.6432538
0.030265788
-0.21425892
0.3446576
-0.01659034
0.011246207
0.06554523
-0.08020004
-0.09010618
-0.3366721
-0.085173674
-0.57599986
0.25334105
-0.47050577
0.06164972
-0.24103649
0.09261249
-0.0669508
-0.46609357
0.5881266
-0.3498046
0.35582384
-0.71099496
-0.1759249
0.01846724
-0.03741878
0.4792079
-0.22406144
0.14812136
-0.8035497
-0.06731893
0.62273973
0.44516036
0.1665171
-0.49602905
-0.10459782
-0.3244287
0.3508173
-0.2908225
0.06947502
0.16783854
0.49367112
-0.44037515
-0.2508905
0.035739895
0.28702146
0.20937636
0.18306433
0.14917222
0.28342417
-0.17745633
0.47344035
-0.40517518
0.17016292
-0.69806343
0.6623764
-0.0558555
0.4673202
-0.2884255
0.74422485
0.007822572
0.0061556473
-0.063281246
0.17261834
0.24931158
-0.16761985
0.14556415
-0.040006094
0.012457933
-0.22628774
0.080538146
-0.073842205
0.27234805
0.066694446
0.06280109
0.48345593
-0.16434279
0.14752722
0.22607028
0.17151386
-0.2764778
0.0771541
-0.23822203
0.24783479
-0.21897867
-0.21665007
0.5265143
0.34892946
-0.3189993
0.23101923
0.026628256
0.2460277
-0.31149065
0.73880714
-0.092484646
-0.3280452
-0.619936
-0.10817478
0.52351403
-0.025532356
0.05952704
0.04001206
0.09255274
0.2326968
-0.16047208
-0.05419531
0.29782936
0.261784
0.2793608
-0.48307633
-0.022033794
-0.25873858
-0.37533993
-0.11451103
0.33353812
-0.64324063
0.40403536
0.077962935
0.37361538
-0.3456148
0.29627597
-0.10711938
0.083917946
-0.40189323
0.022170117
0.1424154
0.13949093
-0.2678826
0.2375975
-0.034810107
-0.51716924
0.35227177
-0.32379887
0.10064632
-0.29947355
0.072570845
-0.11408877
0.16088884
-0.033275705
-0.48108673
0.3231154
-0.42233866
-0.04550031
-0.23798876
0.03692595
0.4004091
-0.0401217
-0.06260485
0.23666915
0.312914
-0.37986448
-0.34936273
0.5193429
-0.1798879
0.020344215
-0.407584
0.20351638
-0.44923243
-0.020649062
0.19953111
0.50378585
-0.044028167
-0.45995498
-0.36935034
-0.1643781
0.13307613
-0.5007015
0.11068482
0.3810072
-0.30653548
0.5108676
-0.3233032
0.1660754
0.3151885
-0.18643348
0.4447214
0.42021373
-0.20760398
-0.14322086
0.39656544
-0.40169883
-0.007481362
0.003650771
0.0031172312
-0.20117421
-0.22644697
0.29039183
0.04213609
-0.15456325
-0.11866586
0.119136274
0.044901848
-0.2372453
0.049575396
0.06129472
0.13307115
0.17957309
0.28348303
0.11061802
0.37918136
0.38024214
-0.08374651
0.18061873
0.09701128
-0.13513787
-0.10684151
0.28976354
0.25978884
-0.016289977
-0.14302482
0.20531689
0.17993231
-0.060182065
-0.5264345
0.567895
0.16097082
-0.6312348
0.53429663
-0.056989554
0.05298464
0.051097237
0.3740965
0.07432719
-0.10968864
-0.024716958
-0.20065878
0.10869768
0.4287737
0.35341772
-0.016215615
0.19372125
0.13548659
-0.5318253
0.16819969
-0.8371681
0.30075857
-0.43326077
0.18402462
-0.30097508
-0.23191983
-0.029338667
0.044525422
-0.09836008
0.1463461
0.041079465
-0.093409926
-0.12940267
0.1928313
0.13208263
0.21531105
-0.1688579
0.026668595
-0.093051866
-0.102992184
0.15824383
-0.13713658
0.14442538
0.1318477
0.03227903
-0.15581901
0.0018467134
0.037142545
-0.37609935
0.09860089
-0.26657474
0.066727534
-0.27843142
-0.1081905
0.11596135
0.1789589
-0.4308041
-0.15185979
0.276418
0.15854974
0.048091687
-0.24369028
-0.30953836
0.45660987
-0.4214107
-0.07476351
0.0137241725
-0.5642624
0.0132650575
-0.06856591
-0.118213095
-0.39507028
0.18968728
0.016178168
0.23900175
-0.39251468
0.3191629
-0.29022512
-0.39056724
-0.10595511
-0.0033165212
0.16173446
-0.25906017
0.34743994
0.41528141
0.17888185
-0.3040512
0.59825647
0.06552887
-0.04340834
0.029578652
-0.122637
-0.10932087
0.13514785
-0.4140055
0.35554335
-0.34194374
0.04771008
0.028084997
-0.24853499
0.114507034
-0.10207143
6.193244E-4
-0.1212574
-0.12516904
0.42331827
-0.20119298
-0.157139
0.18896252
-0.0672143
0.28323364
-0.1750593
0.25943398
-0.05283795
-0.15601291
-0.052948166
0.23926672
-0.21515012
0.15220483
-0.08256763
0.38196564
0.12155128
0.084261976
-0.061401937
-0.05770269
-0.054786824
0.8637424
-0.15172854
0.19784863
0.3520646
0.2628961
0.068491414
0.35899842
-0.14723468
0.5139895
-0.18326485
0.12412231
0.14005315
-0.58377284
0.89955354
-0.6469175
0.37077293
0.49511892
-0.39599922
0.545491
-0.28326946
0.010504685
-0.31858903
-0.31074384
-0.23191889
0.39662865
-0.5540561
0.39854744
-0.033316977
-0.017175393
0.33345383
0.08618229
-0.10191777
0.13678972
-0.0011056656
0.15802073
0.21187465
-0.3055315
0.33510074
0.21518373
0.072966084
-0.013919559
0.01967672
0.15787493
-0.346703
-0.15526697
0.27438343
-0.19228263
0.055001616
-0.15325686
-0.122240774
-0.15604909
-0.203943
-0.038843825
0.0017042272
0.20973626
-0.22907136
0.062728606
0.0326093
-0.3456197
0.28873527
-0.21619281
-0.27224392
0.007893945
0.07283799
-0.4797641
0.43653357
-0.5652236
0.12143699
-0.5221944
0.45278776
0.089572236
-0.5181691
0.15387642
-0.93493176
0.3411049
-0.048660077
-0.11881943
-0.20095305
0.0025708075
0.4595588
-0.7225647
0.09508402
-0.08177551
-0.20694163
0.3356181
0.413457
0.630032
-0.03362854
-0.15647307
-0.045658935
0.13202828
-0.09128819
0.090467244
-0.40866524
0.1207954
-0.21209489
0.12454419
-0.22445865
0.07232667
-0.29480684
0.23610157
-0.034307294
-0.5477517
0.13852614
-0.43442586
0.11056427
-0.19811076
0.35512123
-0.36108553
-0.13607214
-0.44114387
0.31784648
-0.10762903
0.24190599
0.21224046
0.16173157
0.041391227
0.23554103
-0.19873282
0.12240354
-0.15266845
0.028672457
0.26056314
-0.43737006
0.4552241
0.380767
-0.03459507
0.04383254
-0.008475961
-0.3342714
0.29545462
0.11315064
-0.08524257
-0.4299611
-0.48263094
0.6916454
-0.08575778
0.536586
-0.23245947
-0.38368443
0.27406138
-0.0148081705
0.12268602
-0.39314532
0.42936215
0.096419215
-0.061272424
0.33954257
-0.44815108
-0.41901904
-0.68085885
0.53921294
0.24045807
0.26185593
-0.56008387
0.34869757
-0.29734382
0.45888266
-0.34339595
0.1910673
0.026548801
0.12626372
-0.17357026
0.1680271
-0.4549208
-0.028612282
0.45864582
-0.61449724
0.2927305
-0.1579533
0.0096438145
-0.20865408
0.34029537
0.13422193
0.42596132
-0.40765268
0.110689536
-0.107241355
-0.37534347
0.03277302
-0.0845036
0.028685624
0.020812767
-0.15604948
0.54710156
-0.16145971
-0.098569244
0.051650453
-0.2121398
-0.038311254
0.13634121
-0.0022317595
-0.020061644
0.32601678
0.14255063
0.24688493
0.10220943
0.43540514
0.15082557
-0.26268253
-0.31274092
0.34519535
-0.041961357
0.9414001
-0.11609004
-0.067015335
0.60259074
-0.46844485
-0.25892076
0.32522878
-0.5622479
-0.25871202
0.52550614
0.5977929
-0.03185312
-0.3126784
-0.3454638
-0.07361053
0.22599141
-0.015213953
0.48353317
-0.39709216
0.052874673
-0.22311369
0.43399853
-0.19936839
0.036319025
-0.06690841
0.34635973
0.07241008
-0.34206837
0.37527534
0.31698814
-0.0053740777
-0.07956574
0.37720335
-0.24181882
-0.2684409
0.15675725
-0.17423634
0.13545434
0.29118198
0.21216454
-0.2516864
0.18338804
-0.29784542
0.18280259
-0.1511931
-0.40920642
-0.06547618
0.1775208
-0.17928724
0.16626784
-0.4280382
0.10924895
-0.0443258
0.14260712
-0.5073905
-0.23171857
-0.33378068
-0.460525
0.020431073
-0.29350057
0.5265852
-0.19179323
-0.033008922
0.44091055
-1.001041
0.5435404
-0.26808682
-0.38073617
0.63066465
-0.08857113
0.19047494
0.38806048
-0.073954865
-0.38857546
-0.44092768
0.034397397
0.1606219
0.14156054
-0.17970136
0.055717744
-0.03968838
-0.51823187
0.5172395
-0.21412139
0.29596666
-0.22156982
0.093072586
-0.016907373
0.064782254
-0.099086694
0.0018512744
0.016576288
-0.33710226
-0.19154829
0.044358633
-0.017016683
-0.34624103
0.22258718
-0.10158271
-0.36538333
0.470927
-0.23633207
-0.4538401
0.3116039
-0.1236358
0.05869887
0.24116296
-0.2663088
0.22972247
-0.027275663
0.45295718
-0.2862799
0.3442686
-0.1640102
-0.18771952
0.07894304
-0.1069239
0.2307447
-0.10597128
0.24228576
0.26013374
-0.06708887
0.25727808
0.18979023
-0.32541412
0.0070375837
-0.4675996
-0.06190509
0.20442623
-0.60287154
0.3500261
0.4293208
-0.58430946
-0.07838995
0.17864093
0.03381826
-0.19894898
0.2637197
0.5810435
-0.31269607
0.46613583
-0.04736529
0.4227918
-0.21381198
-0.14277397
0.32496864
-0.15989545
-0.3156627
0.097109556
0.091692425
-0.010344184
0.18122824
0.058203716
-0.03918049
0.093615204
-0.14710817
0.34817874
-0.067618646
-0.44115752
0.15670273
-0.045240346
-0.19355372
0.15332542
0.4807417
-0.7697646
0.3086586
0.0056082113
0.097966634
0.040268954
0.14973792
-0.31925276
0.3066327
-0.041918885
0.085188925
-0.30566594
0.16748652
-0.087527074
-0.059367973
0.40196735
-0.11136224
-0.15273394
-0.20679604
0.5734464
-0.2124706
-0.28020257
0.5457344
-0.47841373
0.49637365
-0.69381726
0.6248849
-0.27650523
0.1451634
-0.15038414
0.13171822
-0.12768869
-0.38611978
-0.022350594
0.0015437884
-0.48193756
0.21232475
0.57829416
-0.20251153
-0.28671655
0.41474426
-0.50275266
-0.1696439
-0.24490747
0.2472989
0.24069938
-0.09914563
0.0063641374
0.19178599
0.07296892
0.06691426
0.011559596
0.09002971
-0.054205716
0.06683943
-0.10417238
0.075617425
-0.11314871
0.09952084
0.061910544
0.21135055
-0.017084597
0.23675485
0.04560738
0.010700496
-0.0040343218
0.0795775
-0.09979593
-0.4163388
0.20500088
0.14767514
0.08783033
-0.0895557
-0.043663997
-0.029613288
0.007863839
-0.029956868
-0.13385318
0.14653584
-0.13605477
0.11433653
0.18500787
0.2180154
-0.34369513
-0.041001834
-0.0014741082
0.13376112
-0.44383588
-0.095210806
0.17407899
0.47189987
-0.041105244
-0.0059634703
0.21609426
-0.3531357
0.1925343
0.16459903
0.27101332
0.15656003
0.28440207
-0.044876784
-0.48955488
0.12384198
-0.38867053
0.19670084
0.099511355
-0.032385543
0.28372672
-0.1442789
-0.33016762
0.083877414
0.06159083
-0.03881146
-0.17978571
0.18622087
-0.049655642
0.18306452
-0.273562
0.1042782
0.18274711
0.26773384
-0.5263951
0.19031206
-0.59360313
-0.11809274
0.07319705
-0.1016991
-0.019992698
0.06011577
-0.29741335
0.06217465
0.1752146
0.27654803
-0.007945342
-0.23727664
0.23172379
-0.36347923
0.33921143
-0.17113867
-0.04283081
0.28267366
0.049841043
0.16495183
0.13022332
-0.56403124
0.32757205
-0.45705748
0.16647892
0.2505314
-0.4681496
-0.0010590662
-0.106608994
0.44530198
-0.5550516
0.059033427
0.10273902
-0.18336487
0.62905663
-0.19088292
-0.16639017
-0.49019688
0.557907
-0.73945206
0.11084514
-0.3471982
0.029302003
0.3223222
0.22340126
-0.37807575
0.403812
0.22846025
-0.40882713
0.18443106
0.33906293
-0.21125762
0.15744184
-0.15448128
0.36672112
-0.21866071
0.16348985
-0.4496179
0.25836757
-0.3035242
0.12624264
-0.22045696
0.08673942
0.3457141
0.29029655
0.07483227
-0.064301305
0.22955123
-0.43274498
-0.17906825
0.3032129
0.27260932
-0.40851435
0.14036432
-0.352123
0.48635304
-0.18927096
0.6795631
-0.743399
0.5132064
-0.11015305
-0.25048357
0.25350603
-0.2566812
-0.22944911
0.6178698
-0.24097103
0.268136
0.15374291
0.18304376
0.38479945
0.022232177
0.17029655
-0.56906956
0.44154853
-0.32662144
0.2041496
0.12972204
-0.3318823
-0.06117593
0.38025847
-0.41518942
0.5549158
-0.11062137
-0.05335707
0.567619
0.4099582
-0.42802826
-0.1362018
0.42663974
-0.23686227
-0.7059613
0.5530954
-0.518962
-0.036763847
-0.2612247
-0.10364733
-0.026777
-0.030456947
-0.030087661
-0.07335867
0.20103943
-0.2552488
0.8657957
-0.5077194
0.2633569
-0.41419196
-0.13242868
-0.020928765
-0.36019188
0.07849265
-0.015259842
0.2539159
0.2937137
-0.5226936
0.020711714
0.17632915
-0.08020434
0.2218744
-0.42000592
0.26573884
-0.29821923
0.29754463
-0.21117298
-0.06450691
0.2802418
-0.37987489
-0.060747802
-0.07801365
-0.23158395
-0.07306784
0.18345904
-0.28764895
-0.7167466
-0.014207567
-0.041816436
0.46659496
-0.06779346
0.39980406
-0.4182249
0.34658387
-0.45876452
-0.40752676
0.5947502
-0.42620656
0.43867669
-0.45898008
0.08455788
0.16446036
-0.6642271
-0.006539892
0.008920814
0.55060357
0.2282625
-0.045647442
0.5540675
-0.32408276
0.3392117
-0.20820312
0.3113176
-0.032402605
0.30407992
-0.13410248
0.36653438
0.018771539
-0.13405873
-0.18934399
-0.3618483
0.3557497
-0.0802389
-0.01506911
0.21566695
0.0294051
-0.046806075
-0.07865816
0.3096904
-0.19920444
-0.046359576
-0.03794121
0.42406887
-0.28101093
0.39809945
-0.3987536
0.16165173
0.08058159
-0.06552864
0.30493352
-0.20544346
0.21963595
-0.36932424
-0.0026917434
0.2961018
-0.026767699
0.24299993
-0.023839751
-0.006845034
-0.05481931
0.4833905
-0.019174682
0.47507498
-0.6284602
0.21962523
-0.26945204
0.029724415
-0.0012430092
0.0018657176
0.29943123
-0.18314405
0.6562085
-0.5610877
0.10020213
0.14262998
-0.15233247
0.21302885
0.033379536
-0.053944796
-0.57419276
-0.4768141
-0.38024282
0.507435
-0.4414855
0.28080657
-0.16298419
-0.129315
0.10039751
-0.40362775
0.18778475
-0.34894228
0.03580741
-0.17464378
0.17783055
0.35911167
0.14240569
-0.06731368
0.084956534
-0.015908942
-0.34128827
0.3289208
-0.3990631
-0.22985086
-0.29619965
0.1497025
-0.12604082
0.07123556
0.24254668
-0.5411762
0.42761448
-0.25255412
-0.15382615
0.07764242
-0.2608089
0.29996487
0.12998553
-0.06461933
0.1151702
-0.22362565
-0.2735715
0.05935795
-0.020914031
0.055660527
0.049293492
-0.20589657
0.16549999
0.046403956
-0.27372417
0.5193463
-0.47871357
0.5988198
-0.12981506
-0.040117748
-0.12164184
-0.42428294
0.5268065
-0.31750157
0.49848655
-0.41783026
0.12788089
-0.2872503
0.23893976
-0.29246354
0.43842462
0.1089516
0.36242977
-0.40726623
0.2849674
-0.058919396
0.1279875
0.1646045
-0.02808527
0.030879373
0.088998914
0.015234728
-0.058526095
0.22654596
-0.13409351
-0.22618482
5.133121E-4
0.41156098
-0.44355085
0.41736135
-0.26790482
-0.24207008
0.20044322
0.12765175
-0.07911423
0.4811691
-0.20550004
0.2978806
-0.29464665
0.10853661
-0.12242624
0.26120022
0.003748968
-0.14530644
0.34163272
-0.46084315
0.09289187
0.08823415
-0.45768407
0.22500986
0.4387815
-0.04270891
0.059124872
-0.06782764
0.16089673
0.20662555
-0.2656278
0.08026747
-0.09317918
0.07852436
-0.1428771
0.25530365
-0.5552393
0.20493561
0.047801316
0.568755
-0.20731364
0.15547404
-0.71052486
0.11982808
0.6926766
-0.015849203
0.21454008
-0.40040967
0.10428098
-0.51289845
0.1312681
0.2912738
-0.37054995
0.19787523
-0.28574452
-0.061049327
-0.26942247
0.27830836
-0.21180086
0.2546249
-0.13309191
-0.3787763
0.05998175
0.38741985
-0.48587534
-0.09720351
-0.039319083
-0.10255946
0.2922049
0.11038285
-0.45173678
0.09001985
0.16807343
5.914342E-4
-0.32136774
0.15706111
0.13545512
-0.18936646
0.16861288
-0.2778918
0.08860807
0.024490595
-0.18427508
0.17252156
-0.06560794
0.15379563
0.2292102
0.0012683906
-0.7302978
0.006970552
0.09403038
-0.31062287
0.031127919
-0.2983832
0.12686247
0.5434641
-0.76178473
0.327472
-0.0030207322
-0.31531754
0.17140734
-0.01687133
-0.2572541
0.16494025
-0.11588173
0.010010355
0.10057189
0.21327592
-0.3080304
-0.43261802
-0.17881812
0.5624156
0.2619656
-0.20542835
0.07098197
-0.0023478144
0.052414697
0.03777395
0.15039827
0.22681226
0.16682538
-0.12239328
0.16743581
-0.03589688
0.019587386
0.1489988
-0.16686444
-0.17690796
0.23487625
0.024484737
-0.14477248
0.24689269
-0.3064002
0.1851964
0.1220699
0.2487752
-0.34073973
0.3056477
-0.33055714
0.044473033
-0.0943936
-0.04983194
-0.07400944
-0.040427085
0.14365272
-0.17611426
0.30261078
-0.43744138
0.111303106
-0.15257621
0.14121278
0.14248577
0.33668604
0.1701146
0.022915538
8.397839E-4
0.42605597
0.028384564
-0.13654827
-0.15149735
0.41484097
0.25161567
-0.09373814
0.1277981
0.24466641
-0.3404164
0.021526907
-0.07120783
-0.055887
-0.11754097
0.2838213
-0.24935618
-0.123056285
0.38997665
-0.06682498
-0.32044968
0.024388265
0.015783297
0.42403725
-0.52776283
0.47543672
-0.38925806
-0.1648521
-0.22616152
0.09566326
0.11443489
-0.050738066
-0.19140212
0.64746976
-0.14824532
0.054213896
-0.10990011
0.22807077
0.094260916
-0.013823256
-0.020924844
-0.10569286
0.22188893
-0.19941185
-0.35786483
0.21800447
-0.20124863
0.29705265
0.16592436
0.32387206
0.006158894
-0.08501452
0.19178283
-0.27139568
0.15603259
-0.20142831
0.2226345
0.27889144
-0.0356063
-0.54462993
0.47818434
-0.39893085
-0.22687472
-0.07684568
-0.03000945
-0.48650634
0.15187384
0.50422406
-0.36309272
0.18949422
-0.45826834
0.20372783
-0.35154405
0.18499318
-0.11316268
-0.17818771
0.0891848
-0.095314
0.20838127
-0.20606849
0.18716612
0.4980346
-0.27410105
0.43410692
0.1223931
-0.19292502
0.27907467
-0.35020494
0.14089154
-0.63723433
0.76373076
-0.1457365
0.21075012
-0.0636485
-0.10884409
0.07772039
0.22989427
-0.2486708
-0.2432472
0.18542048
0.07488487
-0.46904448
0.0068304413
-0.11399709
0.019833796
-0.011465549
-0.22383118
-0.3595289
0.7577736
-0.32666323
0.20122212
-0.21428983
-0.44878706
0.1365199
-0.45594907
0.083237104
-0.08924805
0.4014012
-0.17972696
0.37511033
0.20210393
-0.4592885
0.35075927
0.09480074
0.054036424
-0.11443116
0.31783774
0.12246739
-0.29848614
0.435336
-0.40458184
-0.45915678
-0.0011572377
0.26440623
-0.2459085
0.5016218
0.045326114
-0.26737863
0.5499002
0.047537822
0.3796198
-0.14443086
0.18553205
0.10947973
-0.23236065
-0.58684015
-0.037038106
-0.074724615
0.24076384
-0.39715287
0.23506379
0.02736986
0.6513521
-0.015451203
-0.3296148
0.24827673
-0.28049055
0.23250702
0.10467976
-0.10763549
-0.3387545
0.19236362
-0.03055833
-0.08046258
0.060584616
-0.14438531
0.4775774
-0.28342205
0.68081176
-0.11440452
0.33773386
0.49393016
-0.64480084
0.25714594
-0.21049118
0.5213012
-0.06750129
0.2467208
0.14855827
-0.35809994
-0.010320394
0.061765257
-0.21785726
-0.2148577
0.22855678
-0.0870407
0.34410357
-0.29274723
-0.16738777
0.08572991
0.19480613
-0.2912529
0.37231562
0.07407701
0.15314545
0.42159373
-0.20552623
-0.015340835
0.013946195
-0.371889
-0.10143524
-0.029993417
0.12026146
-0.053222846
-0.35242748
0.5429917
-0.5407018
0.44436756
-0.018539961
0.30397373
-0.15916768
0.13435501
-0.29864758
0.5058225
-0.14491583
-0.20406765
-0.563263
0.20363864
0.3217242
-0.45531946
0.235761
-0.21248838
-0.15631868
0.24642028
0.2481048
-0.542707
0.2342963
-0.046223283
-0.23710723
0.42293772
-0.28063387
0.12664971
-0.24609104
-0.09063816
-0.14861253
-0.23972382
0.14759953
-0.016807517
0.018491445
-0.25223404
-0.06555305
-0.051650062
-0.057169534
0.22797833
0.24380064
-0.3100465
0.47537947
-0.3307909
0.0415403
-0.2311225
0.03195461
0.41958842
-0.18776666
0.15260671
-0.23264456
0.23846151
-0.15426876
-0.068230875
0.13046494
-0.49605292
0.08517258
0.3418042
-0.680414
0.43120706
-0.17689243
0.18889879
-0.19764206
0.0012639161
0.055710927
-0.6024013
0.032944694
0.3355276
-0.26736462
-0.11053246
-0.010345967
-0.0021225943
-0.17659032
-0.38184232
0.18022594
-0.25980142
0.55939204
-0.04457243
-0.2776701
0.39339378
-0.39945433
0.2623287
0.23438649
-0.43296096
0.56935406
-0.22080693
0.32302013
-0.3371893
0.3931521
-0.39645478
0.087192796
-0.007288451
0.24679184
0.2383917
-0.16307327
0.072487265
0.20083952
-0.20941599
0.07023192
0.16157022
0.1680231
-0.046234153
0.30201572
-0.6397129
0.5427187
-0.15813841
0.20531827
-0.17083484
0.1679231
0.07760966
0.23059484
-0.5642066
0.080413386
-0.021932093
0.1786809
0.071975574
-0.23582412
0.198546
-0.10758066
0.10131916
0.14514476
-0.40751377
0.5852147
-0.30883285
0.4578255
-0.56097466
-0.05998158
-0.26965547
-0.18455052
0.16487163
0.59302706
-0.092899375
-0.4003062
0.74901736
-0.17798425
-0.16927998
0.47251412
0.053161528
-0.04226135
-0.04709911
-0.40537944
-0.06119108
0.30003664
-9.7318017E-4
0.13410252
-0.18843696
-0.38254604
0.4864306
-0.50144506
0.32117772
4.3082848E-4
-0.0054948246
0.15159649
-0.005666877
0.14054051
0.20414452
-0.418795
0.18715574
0.012285317
-0.19685201
0.31307048
-0.20568705
0.09135731
-0.43310463
-0.1131401
0.36386415
-0.32932943
0.40156353
-0.25870353
-0.3101204
0.39920625
-0.13304366
0.24414258
-0.08791457
-0.4963226
0.6731059
0.33027813
-0.24812162
-0.21356523
0.14592962
0.12630136
-0.29339144
-0.29568917
0.26166424
-0.0385156
0.06219786
-0.55339813
0.5360068
-0.09880849
0.24783652
-0.076413125
0.13886027
0.02774694
-0.3294273
-0.56229776
0.25618246
-0.24999183
-0.10400426
-0.011274768
-0.11594108
-0.014079268
-0.16359381
0.08004703
0.07413106
0.111432455
-0.017138874
-0.06715664
-0.0889289
-0.07796339
-0.08307361
0.35333994
-0.009069501
0.040299743
-0.12378204
0.015333053
-0.0038540824
-0.22604091
0.45185557
-0.24661653
0.2153819
-0.23263457
0.23476815
-0.08968787
0.046764433
-0.27392736
0.26847574
0.0048591658
0.2877331
-0.07973608
-0.34554312
0.18044034
0.040433213
-0.12242025
0.1125504
-0.49594128
0.31315997
-0.42980295
0.17176513
0.300976
-0.1166603
-0.1969795
0.10540357
0.2137028
-0.44039834
0.38340303
0.38398015
0.3361069
0.005023952
0.22480041
-0.2961194
0.14065562
-0.30462644
-0.011716805
-0.12838182
0.093111955
-0.46763873
0.49810117
0.05903327
0.4808815
-0.36910847
0.31775248
-0.12225871
-0.024216017
0.23952067
-0.02499291
0.033571403
-0.13028687
-0.12926015
0.11292372
0.054520734
-0.19201499
0.11986723
0.041676886
0.16896519
-0.35760504
0.038733084
0.12476062
-0.11800763
0.10189972
-0.2715269
0.35355416
-0.25222027
-0.24244669
0.25772998
-0.28568926
0.2904154
-0.22823428
0.08941644
0.2753734
0.09442006
-0.24858755
0.073862575
0.10647329
0.20563528
-0.11169196
0.08234902
0.18877566
-0.32352895
0.65544724
-0.35304743
0.2593053
-0.5836138
-0.14073133
-0.14692783
-0.18449126
0.15473923
-0.2062052
0.69100565
-0.5150466
0.14629115
-0.27949074
-0.0014577262
0.1572477
0.2846283
-0.029430652
0.051120333
0.29118225
-0.6903058
0.61420524
0.52769125
-0.5350136
0.22724128
-0.73408496
0.97600985
-0.5680549
0.2833773
0.13295035
-0.24569376
-0.13809454
0.4323524
-0.3067878
0.15480061
-0.116318054
-0.03458205
0.23076403
-0.1432713
0.26714045
0.05216743
-0.04604276
0.05750079
-0.34707496
0.0368631
0.08563505
-0.07361053
-0.26487747
-0.050672483
0.029003637
0.0965082
-0.08174913
0.14797972
0.08103885
-0.017874155
-0.18873534
-0.01002576
0.053720012
0.21655965
-0.010361031
0.034985255
-0.28118262
0.021103239
0.03844501
-0.03369839
-0.33941674
0.27527285
-0.19465177
0.19015002
0.2585115
0.011723149
-0.10065891
0.26520145
-0.304718
-0.16241418
-0.29602778
0.27980155
-0.5156698
0.51511854
-0.4413782
-0.12493038
0.6603278
-0.31313652
0.5800557
-0.60583746
-0.24245699
0.13871907
-0.23445752
0.47058067
-0.060792316
-0.57113475
0.41797626
0.43803507
-0.49210075
0.031790175
-0.17623016
0.11477433
0.19186881
0.28834257
0.631217
-0.060160793
-0.2762133
0.19703244
0.05434585
-0.2092537
0.052993875
0.27209112
-0.1406604
-0.020611722
-0.03404563
0.07832482
0.23805854
0.13897535
0.19569694
-0.6597926
0.6964258
-0.50224566
0.06442672
-0.14539725
0.22016406
0.07961829
-0.20412964
0.104332715
-0.19972439
-0.07725886
0.31314063
-0.24263592
0.08798493
-0.02408351
0.22351152
-0.014794834
0.041860905
0.027337097
0.02254246
-0.26702073
0.592754
-0.27720878
-0.3470482
0.35346425
0.18352987
-0.37997943
0.13202584
-0.38505018
-0.022707496
0.05924318
-0.7762302
0.05878779
-0.25178555
0.95668113
-0.13291793
-0.1429451
0.23666568
-0.3229314
-0.25142336
0.3111236
-0.19069828
-0.44093922
0.22731297
0.0343791
0.09166266
-0.2908535
0.45931423
-0.6727569
0.07316933
-0.56780446
0.35823622
0.011181531
-0.31000465
0.22976741
-0.017058987
-0.44104996
0.32199484
0.08845448
4.425346E-5
-0.017621286
0.27471215
-0.7031582
0.2461509
0.2665868
-0.17272285
0.1508246
-0.06210011
0.023941992
2.5627363E-4
0.099220864
-0.4877668
0.30025294
-0.1337346
0.26720008
-0.42377162
0.06514954
0.39637253
0.022150401
-0.13138652
-0.060335107
0.057146635
-0.09246862
0.0042834016
0.37338182
-0.6300013
0.373678
0.4502267
0.12276421
0.17092797
0.17933184
-0.21526186
-0.056408912
0.41578045
-0.06645412
0.47432593
-0.4349065
0.7919856
-0.72693336
0.10284857
0.263836
-0.29271844
0.54724514
-0.1690861
0.15159294
0.3075141
-0.18864177
0.1348341
0.1085434
0.10548922
-0.21964012
-0.2434628
-0.14209354
0.28278607
0.4623902
-0.14230855
0.21260895
0.02032225
-0.1485344
0.088724144
0.36485168
-0.1254391
-0.16898422
-0.03830037
0.16176838
-0.22015248
0.44900262
-0.16744767
-0.13049696
-0.14304957
0.40273547
-0.11116942
-0.34231827
0.29977503
-0.39252466
0.26795048
0.15694033
-0.27569854
-0.030561788
0.42154285
-0.44850224
-0.35782787
-0.14464732
-0.04904035
-0.1178538
0.23048596
-0.11939898
-0.04964116
-0.14043403
0.15597619
-0.16138597
0.08488409
-0.36423966
0.052120704
-0.104101546
0.21617378
0.07296482
-0.07841441
-0.44251016
0.45783082
7.038349E-4
-0.5116877
-0.008318804
-0.03264067
-0.119138345
0.051864117
0.3133616
0.16483292
-0.55560935
0.007914772
0.23502332
-0.27417478
-0.14239553
0.32494932
-0.28376105
0.6149421
-0.13403243
-0.66985387
-0.09968968
0.06308487
-0.053878605
0.03546258
0.058046076
0.34382433
-0.62978977
-0.26798198
0.38557705
-0.07213461
-0.072117455
-0.5319318
0.09361025
0.5036178
-0.32515582
0.12869713
-0.14342424
0.13527428
0.23304434
-0.12325046
0.2513551
-0.027288804
-0.32178855
0.2624224
-0.080964826
0.06710193
0.03413405
-0.08769099
0.32557246
0.13774395
4.2335078E-4
0.054258697
0.09458236
0.068381846
0.28537896
-0.4461922
0.39781162
-0.44589588
-0.21008734
0.33932814
-0.24609438
-0.07682406
0.12211321
0.035745244
0.105783045
0.4945003
-0.43955553
0.23204412
0.1611104
0.07618619
-0.25984597
0.1628203
-0.7233304
0.53307563
-0.27156353
0.45294422
-0.44347122
0.35060763
-0.05131865
-0.50035626
-0.13277784
-0.29510382
0.49876514
-0.023428647
0.34676844
0.021982487
-0.15558347
0.0029110878
-0.5031866
-0.09736367
0.87993544
-0.2014952
-0.11397635
0.21341458
-0.22414647
0.720517
-0.4548391
0.020114185
-0.15890613
-0.20323323
0.34732327
-0.37919867
-0.014269461
-0.1579299
-0.15860334
-0.021813095
0.17589906
0.055729296
-0.07993885
0.03600612
0.018872838
0.55971634
-0.6028355
0.29735535
-0.81537336
0.360403
-0.445569
0.14324656
-0.22461742
0.59085864
-0.7493513
0.37286475
-0.24403673
-0.064560734
0.25380188
-0.2568257
0.06037293
0.17847246
0.12176537
-0.8058252
0.16535848
-0.24812348
-0.25817442
-0.22911786
0.6108727
-0.48105577
0.23161857
-0.63279146
0.55908805
-0.99691355
0.5714263
-0.0374448
0.017819688
0.4093822
0.24019426
0.17638673
-0.081761405
-0.17486362
-0.48324767
-0.11293623
0.34596783
0.07056195
0.5227063
-0.5561361
-0.29959375
0.27598915
-0.2314848
-0.0495258
-0.008909848
0.13044001
-0.020432325
0.23690854
0.17929223
0.12710848
-0.22476657
-0.0913693
7.383384E-5
0.48796847
-0.19970857
0.049614817
0.13497703
-0.175326
0.048780993
-0.18799521
0.13979095
-0.48338294
0.6788572
0.13346876
0.40237242
-0.22845569
0.0106896525
-0.2191032
0.37946904
-0.13677318
-0.17473528
0.553207
-0.23327148
0.46285617
-0.086441934
0.17011547
0.07094458
-0.36425492
0.110671915
0.17355506
0.5472752
0.1565678
0.40393907
0.24205945
0.044625927
-0.117377564
0.2261985
0.35490373
-0.7385794
0.75120646
-0.5045367
0.082231
0.22927691
0.109019026
-0.5748445
-0.19552125
-0.029779462
0.12660076
0.26066825
-0.08462348
0.14158186
-0.23617722
0.0652513
-0.010488885
0.093427606
0.06511793
0.11551701
0.036637697
-0.023531483
-0.28762692
-0.09386078
0.20310917
-0.33465818
-0.08335282
0.37658486
0.2338992
-0.022157341
-0.07757818
-0.3498511
0.13851276
-0.27365702
0.5631756
-0.22895584
0.09159369
-0.29721966
0.23689443
-0.3587393
-0.052383453
0.061421745
0.28998443
-0.08939204
-0.2679562
0.49864507
-0.44200394
0.32530302
-0.3688385
-0.14460908
0.06665185
-0.011294332
-0.09112847
0.04782806
0.42522478
0.1163252
-0.40493858
0.12675814
-0.5252709
0.056401715
-0.45675266
-0.1725597
0.42136872
-0.22128645
-0.26017362
0.24819823
-0.7195294
0.5295172
-0.022747045
-0.44429722
0.14275852
0.13583326
0.49858275
-0.12923387
0.34657326
-0.087172285
0.16911265
-0.061877925
-0.47369805
-0.03679238
0.29268217
0.092434116
0.11899009
-0.36196807
0.17258734
0.03710915
-0.34709528
0.35801733
-0.1356415
-0.27424064
0.33125
-0.07938689
-0.21831243
-0.3722118
0.564115
0.17003421
-0.025701106
0.04271321
-0.16601649
0.07075137
0.061209366
0.11929451
-0.45792142
0.44685608
-0.28345996
0.010799113
0.06723248
-0.319322
-0.011614111
-0.12406146
-0.12690732
-0.010232179
-0.025367254
-0.0025678084
0.053174756
-0.116622455
-0.008458324
-0.3043423
-0.4082336
-0.2684712
0.16020177
-0.3498716
0.7934404
-0.5999301
0.6705941
-0.14083715
-0.2911497
0.7456097
-0.24595809
0.5072715
0.16247094
-0.32124853
-0.025798293
0.05040168
-0.443866
-0.231398
0.19474019
-0.26440963
-0.12785868
-0.69368035
0.4692745
-0.4125586
0.47031945
0.10988712
-0.065441206
-0.34844872
-0.492669
0.7201274
-0.06415874
-0.13795476
0.14001687
0.1917709
0.3394884
-0.019402925
-0.13408212
-0.11210978
0.40044588
-0.3369865
-0.012213361
-0.38839543
-0.028776014
0.26562527
-0.08403088
0.027822988
0.14806929
-0.44983384
0.8341102
-0.5324809
0.3652913
0.042443357
-0.048551448
0.24708615
-0.113983214
-0.081034586
0.49507463
-0.09887201
0.1794287
-0.30683956
0.23722814
-0.016577445
-0.10348822
0.533603
-0.07066019
-0.23144476
0.46087897
0.23874487
-0.71475834
0.8022102
-0.59476954
0.29854652
-0.41527566
-0.109754875
0.033579137
-0.044360638
0.18134025
-0.13696583
0.4235529
-0.20144744
0.6430923
0.27102134
-0.062003467
-0.23007314
0.38868633
0.42543358
-0.22933464
0.36671045
-0.35057068
0.17379726
-0.18842055
0.028410835
0.58759093
-0.45853958
0.1454139
0.09502429
0.108059324
0.003542804
-0.8570231
0.56833845
-0.0044793813
0.30769327
-0.3096081
0.3801769
0.029897293
-0.341845
0.425793
-0.31744024
0.33770964
-0.12039397
-0.13543731
0.19919285
-0.20655122
0.4794147
-0.8940506
0.29580325
0.07494926
-0.35919145
0.44173238
-0.025061117
-0.42383653
0.46316406
-0.055527624
0.21415468
-0.45090404
0.15931478
-0.40154937
-0.45371905
0.15700683
0.118781954
-0.066815786
-0.49914432
0.5756726
-0.25012174
-0.069319986
0.037061308
-0.02978182
0.5337507
-0.41584572
0.14429507
0.24204916
0.02675819
-0.13451234
0.14999309
-0.5626685
-0.070315145
-0.029851714
0.15427949
-0.3612323
-0.5558499
0.78058267
-0.56716245
0.1878623
-0.35545865
-0.1282839
0.41109616
-0.343464
0.14773008
-0.38749692
0.22293305
-0.43855438
0.4030483
-0.30156893
0.31813744
-0.65096533
0.29171723
-0.3856337
-0.23090674
0.58300674
-0.28323585
-0.036347993
0.06805535
0.23151714
-0.53174764
0.014735388
-0.023249984
-0.23460776
-0.17688994
0.65054953
-0.75275356
0.97218746
-0.7399176
0.43175027
-0.46517518
0.32997218
-0.24021502
0.28512102
-0.1694509
0.1433467
-0.2880642
0.57753855
-0.21858285
0.36133894
-0.22987005
-0.0665267
0.08974317
-0.3115136
0.17869432
0.021985237
0.025929283
0.13470177
-0.49627548
0.27485138
-0.43789354
-0.16300157
-0.18789782
-0.09301783
-0.0101720635
0.4343226
0.24400088
-0.26830053
-0.3124317
0.78192675
0.4258534
-0.60721314
0.1694648
0.57656664
-0.08024731
0.22792903
-0.35275468
-0.029271541
0.08363847
0.036276728
-0.3475661
0.73987174
-0.5048194
0.085249476
0.0027752595
0.52239966
-0.19028714
0.12627329
0.058084834
-0.6569166
0.60471356
-0.24473971
0.6412701
-0.39745164
0.5012484
0.2501392
-0.19897932
0.27502203
-0.12065993
0.32741988
0.15814854
-0.22926342
0.44383952
-0.07880025
0.09210436
0.0062031117
-0.32006747
-0.34238714
0.40015462
-0.12189467
0.084777445
-0.31021947
0.41167632
0.20030572
-0.44223464
0.9329584
-0.22210479
-0.032342654
-0.18921141
0.38306832
0.24346004
-0.18833774
0.2260647
-0.25588277
0.6830608
-0.34304738
0.5126384
-0.078922495
0.323839
-0.39097062
0.098387554
-0.14172114
0.38800249
-0.42075035
-0.1634224
-0.1290565
0.11945431
-0.37364614
-0.14773247
-0.04623873
-0.26362243
0.50596356
-0.24226686
0.07153575
0.532132
-0.6275527
0.4473542
-0.19589455
-0.10583954
-0.14196639
-0.15091094
0.33527
0.0667196
-0.08649479
-0.5188395
-0.21445961
0.11056572
-0.46348783
0.033755597
-0.039221693
0.090976536
-0.2434067
-0.26488838
-0.28656188
0.40389895
-0.17272787
-0.20044829
-0.3741467
0.13414039
0.10463561
0.0895808
0.44982362
-0.6115546
0.23288293
-0.053903747
0.13444991
-0.46529046
-0.011376784
0.27151945
-0.5635379
-0.17734563
0.7362091
-0.7262697
0.2714822
-0.3681458
-0.28585267
0.397538
0.025575217
0.074934535
-0.5550014
0.228387
0.067831345
-0.59005976
0.09846337
0.051620338
-0.19523714
0.24175851
0.0023486167
-0.057288703
0.2527132
0.0022096573
-0.1503076
-0.11887253
0.50602776
-0.38241458
0.26495376
-0.20071928
0.32705206
-0.3854423
-1.4823E-4
-0.014142662
0.045658853
0.13903208
-0.28241298
0.4406423
-0.26784375
0.18258955
0.17077251
-0.26575157
0.6002726
-0.93671805
0.66901433
0.18099454
-0.22825767
0.24103943
0.025016682
0.39374718
-0.09928784
0.18145633
-0.5885241
0.6475156
-0.0844788
0.25464502
-0.43754637
0.29149675
-0.38370037
0.6842795
-0.19426213
0.013685887
-0.07233196
0.49520436
-0.7420731
0.3114144
0.013761907
0.13689674
-0.48886082
0.034321096
0.14851563
0.114495315
0.33898857
-0.2610905
-0.027756738
-0.13359925
0.269698
0.15727414
-0.3857088
0.104199186
0.42656812
-0.5863093
0.09542676
-0.06300614
-0.08751064
0.06565945
-0.178183
0.21993138
-0.113860086
0.15008935
-0.04590842
0.06753935
-0.30720297
0.124832414
0.0315467
-0.09975951
0.15476927
-0.13648693
-0.04242196
-0.078969695
0.124459215
0.026724324
0.2948024
-0.6866499
0.36038807
0.27306044
-0.1598669
0.25450316
-0.24501179
-0.017969538
0.09992191
-0.26378477
-0.32529065
0.1112677
-0.42525348
0.5302494
-0.2881928
0.10297368
-0.11530507
-0.18575422
0.16668059
-0.004104711
-0.14540038
-0.1591788
-0.008351544
0.22256547
-0.21050984
0.057161182
0.3613831
-0.38551667
0.09616103
-0.0065335105
0.14719798
0.39225924
-0.27420568
-0.04737506
