0.7377553
-0.46046063
-0.067292206
0.79701537
-0.032765858
0.37403628
0.70329237
-0.10224924
-0.4763764
0.008263422
0.46898338
-0.87783825
-0.37271845
0.5383518
-0.34428763
-0.44805208
-0.051548332
0.4333935
0.23429507
0.19554123
-0.2995906
-0.16015567
0.35445073
-0.3733703
0.06664175
0.52631426
0.4322508
0.2745057
-0.5363105
-0.645385
0.23318891
-0.21056283
-0.7305155
-0.892775
0.53406936
-0.12153307
0.24646886
-0.07413662
0.6352553
-0.41712043
-0.30339703
-0.3676782
0.6981755
-0.044937555
-0.824706
-0.7037437
0.6647364
-0.22509982
-0.029147869
0.04152232
0.55550015
-1.1250948
0.91652393
0.07817685
-0.22556305
-0.39584568
0.8530496
-0.19539088
0.3235724
-0.17055897
0.17705671
-0.33957204
-0.8384244
-0.03677825
-0.4185188
-0.3497919
-0.3902647
-0.5536678
-0.31842783
-0.6031656
0.26807207
0.42233473
-0.02151249
-0.52397245
0.6014149
-0.1338282
0.4396183
-0.67279816
0.65552306
0.9379059
-0.069570825
0.09987727
-1.0006139
0.21161133
0.04076075
-0.28137907
0.09962591
0.011949475
-0.47526303
-0.15834524
-1.1013285
-0.5157106
0.5451084
0.7884968
0.049295306
0.10598343
0.32759973
-0.055671066
0.6834926
0.055208545
0.23613805
-0.59134305
-0.65624285
0.028101107
0.59966636
0.062088117
-0.30248013
0.6987228
0.7126595
-0.47989488
0.9039679
-0.447607
0.77950966
0.3952246
0.43460634
0.16375217
-0.20875637
0.52507627
-0.36671022
0.9508956
-0.6653779
0.4550962
0.1949276
-0.1561069
-0.33391938
-0.442
-0.1481814
-0.560131
0.42409977
0.22329293
0.2696543
0.18271527
0.34733418
0.10058043
0.4409219
-0.78615147
0.32166806
-0.113242865
0.6989332
0.7074269
-0.4747148
-0.81353533
-0.015060334
-0.24041684
-0.53113157
0.011512288
0.31698856
-0.2632158
0.3392726
0.19010697
0.35874367
-0.9593453
0.6020537
-0.10106881
0.029948974
0.23348783
-0.07242507
0.33865538
-0.33328047
-0.39046896
0.9088097
-0.53804255
0.003858438
0.48861682
-0.31402662
0.4480904
-0.17402643
0.5640565
-0.5581078
1.2135284
0.17266017
-0.7688314
0.39865458
0.5875835
-0.46515808
0.21457243
-0.98507226
0.030006578
-0.09489106
-0.6431543
-0.6240145
0.6202923
-0.4627457
0.2212174
-0.024945056
-0.08133485
-0.5923281
0.8570924
0.41434747
0.3605262
-0.21158974
0.61152947
-0.6656532
0.8174369
-0.69027114
0.34680933
-0.830952
0.4298466
-0.78692406
0.37058717
0.08069041
0.7069664
-0.94002676
-0.37562966
0.11571673
-0.5900942
-0.46198383
-0.20939393
0.6027272
-0.54697436
0.3017031
0.08753304
-0.54893273
-0.033831652
0.651954
0.17580178
-0.65012985
0.51748073
0.025851235
0.5091544
-1.1506923
0.3785497
0.14697814
-0.12841083
0.8134235
-0.75200343
-0.4924331
-0.143479
0.65637463
0.4201797
-0.15163128
0.7073612
-0.93527836
-0.38218334
-0.20091526
0.18942285
-0.24170901
-0.8039156
0.055258386
0.5911268
0.79136646
-0.85631233
-0.27324092
0.43260953
-0.111018516
0.21284553
-0.21904777
-0.5670142
0.57373977
0.006929219
-0.45718548
0.83310694
-0.6469513
-0.07588064
0.2499784
0.5597783
-0.4645154
-0.14051123
0.59297115
-0.30796647
0.5005606
0.7779657
0.43456432
-0.0129384715
-0.37908357
-0.8614072
0.62927115
-0.3981147
-0.099029824
0.9007544
0.5694046
0.71734923
0.7476719
0.5385416
0.66182554
-0.08354803
0.076184034
0.42080525
-0.162836
0.04207767
0.6518385
-0.521361
-0.9327813
0.11383377
0.32716212
0.5223276
-0.21096902
-0.28546953
0.55827886
-0.5545273
-0.07506353
-0.26583382
0.6508543
-0.39584228
-0.052592453
-0.67923033
-0.16694787
-0.10198107
0.5855438
-0.8419969
-0.046583842
-0.14167678
-0.19045459
-0.25734612
-0.13364485
0.76231956
-0.67805773
0.7241339
-0.5218162
0.7967069
-0.71904045
-0.119936265
-0.5829324
-0.43414137
-0.15872094
-0.27524352
-0.2895231
0.32038453
-0.04009164
-0.9147008
-0.48919034
-0.30040398
0.345941
-0.80439514
-0.23386602
-0.36870816
-0.2278644
-0.35294935
-0.07121286
0.1993689
-0.4601131
0.40980497
-0.24348274
0.5607764
-0.41642272
-0.5626336
-0.5937004
-0.49024191
-0.5048809
0.35494268
-0.5820889
-0.43156797
-0.19667898
0.13800125
0.6887214
0.097399786
-0.08235099
-0.7630896
0.17681053
-0.024816953
-0.056700274
0.293259
-0.3686182
0.48697013
0.51787585
0.036364056
-0.5853482
-0.32026443
0.30317983
-0.50348985
0.010272475
0.6533015
0.30741274
-0.13457651
0.6175279
-0.3788727
-0.5026078
-0.08939643
0.39721116
-1.2410764
0.5608506
0.15882142
0.70832914
0.6294462
0.88348264
-0.3562785
-0.22831057
-0.28277206
0.05900106
0.20225261
-0.1642191
0.100922346
0.9974403
0.7217899
-0.3083651
0.5430424
-0.53796625
0.58121175
-0.64173806
-0.22367741
0.63315326
-0.25556847
0.31999785
0.022368515
0.3205924
0.15448019
0.7030799
-0.29312128
0.11097002
-0.5373644
0.50199246
-0.1289883
0.412419
-0.8082154
0.08037328
-0.1337353
0.17461258
0.18096828
-0.22061017
-0.3654634
0.16686116
-0.14197825
-0.2824311
-0.3466723
-0.41008157
-0.049365897
-0.14285181
0.33017913
-0.28189525
-0.5140038
-0.017093914
0.555516
0.8763962
-0.57372534
1.1237315
-0.49998307
-0.8704888
0.9338021
-0.5169086
-0.12812187
-0.37965468
0.45602942
0.24241997
-0.5435782
0.6268388
-0.42730162
0.5439057
-0.3109151
0.044606242
0.12422742
0.66704816
0.19271426
0.51020557
-0.30784208
-0.48302782
0.74273777
-0.8797974
0.98643464
0.26886398
1.2552801
0.3453848
0.93956
0.10925413
-0.3118239
0.048127588
-0.27082676
0.53465056
-0.8096816
-0.14368324
0.31379136
-0.109455965
0.010837382
-0.28524706
0.69818294
0.72673637
-0.8450606
0.72460747
0.8742541
0.5379609
-0.66151047
0.7297525
-0.5122647
0.064828105
0.02704198
0.50706524
0.4195023
0.2850792
-0.59237844
-0.50288355
0.06306984
-0.6182547
-0.025866041
-0.7283819
0.51395375
-0.81311935
-0.17634904
0.69935787
-0.026869696
-0.15155666
-0.60318756
0.3567221
0.19082047
0.2852114
-0.12393315
0.4527704
0.16499467
-0.1964746
0.6364389
-0.17718376
-0.4771981
0.37236798
-0.5731066
-0.3746433
0.30485278
0.54002225
0.34710371
0.25904766
0.19640978
-0.3236234
0.25178346
-0.6035915
-0.03243364
0.19538584
0.20242678
-0.30211043
-0.30891037
0.04201553
0.584701
-1.0532801
0.22480793
-0.43797344
0.48971426
-0.7166215
0.23784742
-0.109908715
-0.6083283
0.4585054
0.24702562
0.5924528
-0.3263278
0.2892621
-0.349233
-0.4233216
-0.7685565
0.47856066
0.71087366
-0.034081172
0.1663962
0.041929383
-0.3603971
-0.39254597
-0.28916168
0.3110443
-0.11834381
0.414681
-0.48251098
0.007342404
-0.4452019
-0.3622264
0.46009427
0.34431934
0.033664778
0.5484974
-0.6414395
0.39174765
-0.38556808
0.6046068
0.3706281
0.18458949
0.113972425
-0.7889417
-0.58718127
-0.13506883
0.44456202
-0.68712074
-0.20440185
-0.091236345
-0.26670685
-0.69826317
-0.43779302
-0.08292851
0.81970084
0.04944626
-0.46614063
-0.08432806
-0.6418949
-1.0895685
-0.038653307
0.4631263
0.16122207
0.19217424
0.5020226
0.09504103
0.2322043
0.08161244
-0.912717
0.9284063
-0.4349558
-0.6488643
0.8095735
-1.0353975
-0.13585407
-0.08343193
-0.31655917
0.5488704
-0.5577189
-0.24153928
0.03546267
0.190061
0.27836508
-0.6040618
-0.12735938
0.99002016
0.1986127
-0.6622283
0.37991565
0.069268
0.3189897
-0.12945369
0.37264475
0.43243715
0.11049766
-0.17770742
0.36499724
-0.69273865
0.6921346
0.70663804
-0.29866517
0.119929224
-0.15793894
-0.109957054
-0.1859398
-0.856758
-0.009604795
0.37099636
-0.7211766
-0.17108674
-0.12827168
-0.38771892
0.2957191
0.06223763
0.2508733
-0.380851
-1.0032401
0.72278476
-0.6835464
0.3126594
-0.33284545
0.03132209
0.5722703
0.17761613
-0.14762762
-0.83637
-0.97449464
0.18749669
0.35419133
-0.7221032
0.11991601
-0.61907035
0.47262946
0.015457766
-0.42438018
0.8610629
0.19394603
0.18496239
0.19350724
0.4977647
0.26722074
0.81695205
-0.6541741
0.053228796
0.54135793
0.29720274
0.10196492
-0.11351154
0.50048363
-0.18082376
-0.48181197
-0.12947212
-0.92591554
0.09545854
0.84785974
-0.29134592
-0.98065436
0.11493332
0.34070495
-0.9837957
0.3113822
-0.64991575
0.14753422
-0.552911
0.40586442
-0.5663112
0.34757388
-0.55728
0.08290361
0.49901405
0.37695196
-0.45974743
0.24645287
0.84732974
0.14631847
0.34005925
-0.45745206
0.4774314
-0.07531438
-0.3006584
-0.34691438
-0.5863355
0.0014368051
-0.22574648
-0.7311197
0.17703615
-0.34508082
-0.15801273
0.4613658
0.32884338
-0.076635264
-0.20445429
-0.3216366
0.5122458
-0.2970934
0.48498827
-0.2903337
0.2839588
-0.1999011
-0.4349045
-0.023306921
-0.12168542
-0.6222
0.6364517
-0.71770394
-0.3864847
-0.56235325
0.65225625
0.08874692
0.75570744
-0.19036402
0.051613294
0.6130123
-0.30630422
0.077998765
0.18945324
-0.61234045
0.8253733
-0.5182972
-0.696517
-0.070143335
0.10749271
0.21822208
0.32726473
-0.25412926
0.82966775
0.23180518
-0.58329225
0.769397
-0.6367874
-0.24352609
0.3944203
-0.26485768
0.18834226
1.1123421
-0.5144452
-0.29343462
-0.5326988
0.8029394
-0.90161633
0.36382377
-0.98942673
0.2615634
0.39018917
-0.5186259
0.3853908
0.7145278
-0.12193877
-0.48117414
-0.70819557
0.6132417
0.34612954
-0.9090375
0.1633115
0.15175858
0.30068517
0.20740366
-0.6731865
0.21167308
-0.006760161
-0.08282568
0.3442138
0.61538786
-0.5007718
0.77299833
-0.6554416
0.13463174
0.57114416
0.14898522
0.272272
-0.8148182
-0.3670615
-0.11338528
-1.053373
-0.5313843
0.76993895
-0.95952946
-0.2841035
-0.78947204
0.14670865
0.59211034
-0.018040102
-0.027775867
0.5632694
-0.14286883
0.53930736
-0.13050212
-0.5861917
0.4884535
0.02070245
0.030645564
0.06265963
0.08137855
-0.17084613
0.4129393
0.71594584
0.058206536
-0.51675206
-0.10544549
-0.03550957
0.29685536
-0.17846528
-0.1965362
0.16976556
0.15699385
0.7368615
-0.8837356
0.77369213
0.35909835
0.47026533
0.28193298
0.2471311
0.45277634
1.0001956
0.928881
0.43935105
-0.3042855
-0.3596066
0.5269804
-0.44193196
-0.40710157
0.65256304
-0.65497714
0.27093387
-0.011917343
-0.8585866
0.09039413
-0.4208696
-0.14020196
-0.67429733
0.10619943
0.505596
0.16031468
-0.22354731
0.005109172
0.04932478
-0.24312934
0.5426095
0.23778817
1.0636822
-0.018227272
0.09514989
-0.30528626
-0.045072533
-0.19902135
0.2737171
-0.17866373
-0.5280402
0.27234483
0.26771122
-0.65808064
-0.8290286
-0.36609855
1.0546774
-0.59439063
0.40055144
0.7129674
-0.6770677
-0.2659926
0.2807907
-0.25269404
-0.596083
0.057356026
-0.37871322
0.582823
0.6603771
0.73648506
-1.0494324
-0.5033735
0.2766384
0.54594016
-0.23298635
0.5747752
-1.0617399
0.33295178
-0.44680384
-0.8506617
-0.32916287
-0.77898693
-0.7161094
0.6796476
0.21640788
-0.24754992
-0.27040365
0.3953656
-0.028116386
0.41802725
-0.82907224
0.01263029
0.7046067
-0.2137455
0.89128715
-0.5278698
0.24852148
0.8207335
-0.1282077
-0.48055205
0.8620227
0.52406603
0.28803575
0.7713231
-0.2116888
-0.16038586
-0.27434218
0.56749153
-0.1719017
-0.087862894
-0.54070574
1.0355484
0.14827015
-0.8082299
0.91939926
-0.49523604
-0.6737316
0.17027457
-0.39317784
0.75453234
-0.44681397
0.27902794
-0.80482936
0.4299047
-0.9999159
1.0624186
-0.5396762
0.33417264
0.6860052
-0.10259007
-0.018408515
-0.34716734
0.35416648
-0.63364387
-0.7871397
-0.7864341
-0.19251342
0.05584241
-0.49716306
-0.032088112
0.9979431
-0.047871873
0.09444177
0.3129951
0.642299
-0.19025783
1.1232451
0.5185841
-0.11151125
-0.27708432
0.12834455
0.02014156
-0.05074609
-0.3092905
-0.3735817
-0.24281971
-0.55824596
-0.3946004
0.614849
-0.18730418
-0.288634
0.53401554
0.08380614
-0.5737334
0.19222261
-0.021492708
-0.79094034
-0.46980932
-0.34499085
0.19054422
0.07338619
0.3072385
-0.89970183
-0.08743795
0.7211551
-0.40431768
-0.2316927
0.60866433
0.09961299
0.10791393
0.40896282
-0.32710177
0.15156516
-0.85676503
0.6496192
-0.42858085
0.63287556
0.1186057
-0.87617207
0.91389084
0.07848215
0.5047604
0.1258093
0.44184917
0.63160187
0.18628116
0.52036047
0.046665438
0.68402195
0.5169393
0.5764271
0.36657602
0.8184003
0.1711886
0.4666068
-0.5146334
0.60901594
-0.70023847
-0.27104104
-0.14154093
-0.32517803
-0.24845943
-0.1443795
0.060587164
0.7209187
0.6037013
0.18554044
-0.6587929
0.7345399
0.13657741
1.0339715
0.7085125
-0.5973366
-0.24861793
0.1418649
-0.13783681
-0.46967688
-0.78991604
0.54464513
-0.5654175
-0.39348087
0.7440098
-0.087421425
0.19149572
0.39213142
-0.26030523
0.26954302
-0.26188856
0.8232318
-0.11053654
0.37150025
-0.03346119
0.54275244
-0.44411272
-0.8213571
0.5614952
-0.6973515
0.21900557
-0.07451206
-0.29888484
0.4778738
0.6248272
-0.6792244
-1.0131452
-0.45885625
0.052399356
0.54349303
-0.84536415
-0.1550212
0.17859574
-0.70299894
0.14171015
0.07850499
-0.12304443
0.38937914
-1.0640024
-0.76582766
-0.2578131
-0.28004387
0.1501796
0.08780899
0.5597867
0.7903529
0.14966044
-0.54733187
0.0162977
0.30991086
0.18603164
-0.3348091
0.7823539
0.42442432
0.12781857
-1.0905211
0.23466215
-0.75168735
-0.8224942
0.081496365
-0.004924646
0.47754982
0.31870428
-0.24062124
0.18559936
-0.42559567
-0.6977792
-0.29126585
-0.10072557
0.2334686
-0.5882307
-0.5668675
0.4204821
0.16920389
0.066923544
0.21664841
-0.68635935
-0.3577275
-0.42293236
-0.50170285
0.8091078
0.54175
-0.06213796
-0.9985834
-0.5043086
-0.24596582
-0.29182312
0.54115844
-0.48031867
0.16689812
-0.19610694
-0.18268242
-0.8853831
0.024860775
0.55419654
-0.56362283
0.050782155
0.23919024
-0.49757847
0.55837464
-0.2251078
0.11449221
-0.7686819
0.28434008
0.8705207
-0.393699
-0.67082465
0.49683365
0.17700303
-0.116641305
-0.33608672
-0.64549154
0.6093168
-0.23197196
-0.40289983
-0.4792712
-0.25615257
-0.59760654
1.1214473
1.0364358
0.43555832
0.22895868
0.0215946
0.0077060917
0.3538416
-0.83441937
0.7559919
0.81999075
-0.4931106
0.11497415
-0.03840481
-0.83245295
-0.9341405
0.36880043
-0.43062246
-0.6037171
-0.36028114
0.28572592
-0.7133616
-0.4436864
0.44194233
0.30319786
0.41034162
0.39221898
-0.34195212
-0.23567244
-0.23208614
0.40550265
-0.9143611
0.2813554
-0.34291372
-0.5575569
-1.0094475
-1.22645
0.33222818
-0.62147975
-0.7374065
0.5485193
-0.36147156
-0.46799415
-0.82040787
0.47025755
0.1685589
0.2813015
0.19285944
-0.08328706
-0.60555
0.31177685
0.30026522
-1.1616553
0.42028195
-0.14709437
-0.41719282
-0.5349853
-0.61220956
-0.34286863
0.11977384
0.050778538
0.6699257
0.20385201
-0.36487827
0.045864284
-0.70154107
-0.4085669
0.36458042
0.25663584
0.072625525
-0.06143707
-0.0047697476
-0.20030029
-0.122876674
0.06273063
-0.6182454
0.37384734
-0.39756143
0.5130723
0.07660903
0.59660274
-0.7319138
0.48333842
0.051630646
0.18537678
-0.8768227
0.14899984
0.23872013
0.08890377
0.676752
-0.47209135
0.9980505
-0.6827008
0.090388335
-0.18100274
-0.167381
-0.5328473
0.13128601
0.42273882
0.0145660965
-0.071463734
-0.7270562
-0.31434634
0.2576009
-0.29189542
0.2872576
-0.56924516
0.76475376
0.3732331
-1.1935383
0.72104126
0.2932281
0.39621046
-0.24679825
0.91085845
-0.417059
0.5577676
-0.257065
0.99023515
-0.29666704
0.19915816
0.76240844
0.75228924
-0.48437586
-0.31612885
0.23304711
-0.119689435
-0.29608974
-0.39558643
-0.2349444
0.3160666
0.003968156
-0.53260046
-0.65499556
0.98874694
-0.12485611
0.13844852
0.9942009
0.47909486
1.0592816
0.0020579326
-0.06937371
0.75413746
-0.4286494
-0.68231136
-0.62929386
-0.3753783
-0.6597604
-0.7588717
-0.12846428
-0.518211
-0.42609626
-0.14241998
-0.53731513
-0.79100263
-0.891989
0.39552405
-0.45311508
0.3806288
-0.0511674
0.44943258
-0.9769168
0.3946593
-0.8006091
0.2802957
-0.70831484
0.6418758
-0.24284168
0.45358062
-0.48251078
-0.6349035
0.901467
0.07084723
0.19436456
0.31981048
0.3893577
-0.132165
-0.7372897
0.045417327
-0.3080895
-0.68490434
0.727062
-0.71199495
0.26626635
-0.36170357
-0.28549132
-0.48206806
0.34170404
0.5507836
0.6392603
0.11558238
0.10067813
-0.3196767
0.6376537
0.03293518
-0.5762465
0.5206102
-0.60105234
-0.102532394
0.86729825
-0.17803214
0.5493513
-0.2675545
0.23915341
0.39725527
-0.03622045
-0.46732554
0.043556668
0.11651974
0.14655216
-1.079925
-0.1503847
0.20159677
-0.20520894
0.20589502
0.2355158
0.48957658
-0.38299114
-0.63805056
0.42064148
-0.09918187
-0.17059746
-0.68382674
0.16130868
-0.87524724
-0.49023882
0.71535987
-0.5037398
-0.3873149
1.2541784
-0.83801717
-0.67255384
0.8871829
0.52976674
9.3964045E-5
0.50995886
-0.23035644
-0.4242269
-0.69472903
0.16576593
-0.7304648
-0.23383711
0.37240937
0.50605595
0.11987207
0.24264506
-0.08775063
0.62467235
-0.044961214
0.51398885
-0.83514905
0.2878987
-0.7745348
-0.45930666
-0.243864
0.60498255
0.84566313
-0.52856183
-0.5713824
0.42481157
-0.575643
-0.09867176
-0.27099544
-0.545032
-0.16320549
-0.4944758
-0.29244527
0.72203004
-0.11921462
0.56101376
-0.7630512
0.36150852
0.5045271
0.6244399
0.9864537
-0.5537055
0.53015625
-0.05498419
0.9871136
0.80155766
0.33558318
0.20019576
-0.67740965
-0.41210032
-1.0465149
0.37741017
0.21415578
-0.049462255
-0.84623843
0.6796662
0.15761977
0.36704475
0.67512906
0.50033927
-1.1806389
0.47225612
0.8220626
0.012303408
0.9520259
0.24198437
-0.67449486
0.39577585
0.5503573
-0.726583
0.68493056
-0.31188428
-0.18084638
0.76394343
-0.68500525
0.5076709
-0.13464995
-1.0329065
-0.21386097
0.31835288
-0.42351395
1.3034191
-0.43768308
-0.5026795
0.4971702
-0.66102904
0.7312685
-0.30450693
0.73085934
-0.30052444
-0.8595119
0.4718176
0.25914535
-0.063225195
-0.25210306
0.74220955
-1.0446899
0.33946687
0.2899134
0.12486662
0.0821122
0.41671985
0.12883125
-0.29713324
-0.40161622
-0.44196722
-0.7173254
-0.24819565
0.50793785
-0.14583658
-1.0283514
0.4246976
-0.37875092
0.684139
0.93734026
-0.117241636
-0.6634738
-0.5073742
0.633276
-0.5164612
-0.63508517
1.1232772
0.20387948
0.44876567
0.5795264
-0.0593747
-0.21356934
-0.8709093
-0.79999536
0.04426018
0.2716832
0.59225214
-0.3181822
0.29410067
0.2220687
-0.14204656
0.20221575
-0.84761405
0.29548314
-0.43064952
0.5728057
0.2043113
0.27815145
-0.7730935
-0.035476495
0.239258
-0.1902401
0.12366384
-0.1626118
-0.4409017
0.88331956
1.0070993
0.24510537
0.3112825
-0.25125438
-0.15764886
-0.051749397
0.52572364
-0.7288163
0.0134171825
-0.45420027
0.4988204
-0.5802438
-0.26565567
0.27434263
0.313502
0.27982002
-0.6031137
0.06974594
-0.435674
0.46943107
0.75249976
-0.30616477
-1.060261
-0.19362584
-0.14681955
0.09100388
0.5771517
-0.26070076
-0.7993534
0.31155065
0.63769096
0.2153191
-0.563078
0.98639303
0.30469045
-0.4022573
0.6541577
-0.27396655
0.5601155
0.20977391
-0.1950126
0.50361186
0.56088716
-0.027401447
-0.365191
-0.13735916
0.935178
-0.16005778
0.64129394
0.572559
-0.66783506
0.1025795
0.021407887
0.89873767
0.4418374
-0.92017066
0.7005227
0.5795974
0.23321092
0.38533786
-0.013042243
0.710921
-0.31715593
-0.4929584
-0.20568813
-0.06727556
0.22609429
0.0030034047
-0.9914956
-0.10646734
-1.0256748
0.51756775
0.31827003
-0.34240073
0.5029813
-0.4398796
0.8072751
-0.43035945
0.4705242
0.103240006
0.2113521
-0.48699102
-0.19770765
0.25340056
-0.3623593
0.26030084
0.617752
0.026489185
-0.47034433
0.059548005
-0.15237719
0.95916444
0.005580194
0.24003029
-1.235981
-0.86399573
-0.54716647
-0.25369725
-0.148094
0.14342147
-0.669094
0.29001904
-0.3669537
0.48544225
0.50768995
0.10119351
0.7004842
-0.5719275
-0.5626641
-0.032104325
-0.7057697
-0.8679826
-0.254464
-0.35743445
0.2590283
-0.6348631
-0.08265447
-0.34946954
0.49763182
-0.1737939
-0.31918508
-1.1150258
-0.7980614
-0.19201514
0.11561881
0.95271003
-0.078005604
-0.2545147
-0.39969894
-1.1664343
0.59538496
0.868606
1.1183276
-0.298809
0.57849663
0.3208172
1.1302352
0.6272623
0.22898526
0.1263575
-0.20200063
0.65239847
-0.5208398
0.06306287
0.4398335
-0.18315296
-0.32318756
0.17229538
-0.14805616
-0.32216245
-0.28717157
0.73041564
0.08284498
0.19913062
0.16152659
0.4428662
0.76541877
-0.20454389
0.55040646
-0.6211628
0.845408
-0.28846195
0.8329871
-0.47834283
-0.33880726
0.44809696
-0.038161673
0.123873934
-0.06622245
0.75671697
-0.5017787
-0.6003933
0.41545698
-0.23317268
-0.31286374
0.7319439
-0.50005835
0.24014783
0.54589236
0.07563366
0.75291514
-0.7456289
0.3923697
0.32038438
-0.47455916
-0.7553999
0.45835975
0.15289815
0.20513093
0.63949484
-0.4670051
0.25066063
-0.06284367
-0.042790543
0.5059202
-0.23219196
-0.32428905
-0.20684911
0.16118024
0.38068599
-0.40410972
0.39013144
0.2577462
0.38279343
0.46182975
0.06706164
0.36157736
0.06656623
-0.2602422
1.0712274
-0.18348503
-1.1390115
-0.2943118
0.59600264
0.32133597
0.5249681
0.9238501
0.94680876
-1.0409677
-0.94069
-0.8322565
0.65646577
0.9170139
-0.3190599
-0.75248814
0.59809947
0.19273622
0.10486472
0.65292275
0.03488127
-0.47834715
0.32522303
0.040500883
-0.7115661
-0.08018022
0.8055192
0.2672974
0.4158178
0.40123484
-0.34701028
0.28887457
-0.01463763
0.37743774
0.6120517
-0.8707993
0.55825263
-1.247178
0.2506668
0.6651042
0.72971815
-0.5566704
-0.24487968
-0.78747284
0.6145073
-0.5710598
0.5346235
0.0017899823
0.31871015
-1.0215722
0.5841634
0.46192965
0.7211025
-0.34122553
-0.061977334
-0.2660783
0.46118537
0.13076015
-0.015546851
0.27446866
-0.54327065
0.6426134
0.767118
0.14226599
0.04826086
-0.27950826
-0.11284218
0.076918766
0.30151454
-0.78869426
-0.2840501
-0.098502494
-1.3716147
0.34350953
0.66050774
1.003373
-0.63195807
-0.24514943
0.9238931
0.54748267
-0.81974447
-0.10061758
0.027671404
-0.51296943
0.25736284
0.19844091
0.47755915
0.005138893
0.5157153
0.4761511
-0.028737301
0.51196057
-0.8662631
0.55866814
-0.4931657
-0.2618527
0.25534064
0.4615898
-0.6121119
0.30484638
0.069138184
-0.2829164
-0.6741124
-0.01368033
-0.07956607
-0.8139237
0.16722776
0.38633344
-0.7294715
-0.72359896
0.10325111
0.44247922
0.49252576
0.4172103
0.10724038
0.96109027
-0.31913593
0.4645668
0.62043965
0.638448
-0.25557816
0.07266475
0.528816
-0.027654342
0.75569993
-0.49226227
-0.71867126
0.37220016
0.6465579
-0.5588441
0.24920534
-0.25266948
-0.6127935
0.5459258
-0.05103604
-0.11365852
0.10979368
0.3539829
0.5685882
-0.07370599
0.15301591
-0.85529774
0.6517517
0.81750363
-0.28109923
0.030993534
0.86586654
-0.7950242
-0.053915694
-0.041760903
0.40073994
-0.82612735
0.9176227
0.57562816
-0.098075815
0.7207501
0.5118605
-0.29065302
0.87390447
0.5502707
-0.29894584
0.47290623
0.0064478135
0.48943013
-0.54526275
-0.3483682
0.5190513
0.47633997
-0.8790542
-0.3754896
0.93257844
0.33957708
-0.16289465
-0.304445
0.34396794
-0.1574369
-1.0817604
0.7361945
-0.17144503
-0.63482434
0.44379187
-0.73374367
0.33214012
-0.7668989
-0.62199485
-0.0150710335
-0.7682602
0.38513842
-0.20482424
0.58189195
-0.019068077
-0.6463036
-0.6093076
0.35662532
1.4793895
0.41515532
0.04602986
-0.8097148
-0.18989587
-0.82943135
-0.41840014
-0.3402192
-0.6745841
-0.31260628
0.7676126
0.46833527
-0.995397
0.6457997
-0.21569733
0.111387484
0.04728983
0.14178397
0.12517872
-0.714825
0.21284835
0.6552813
0.3722054
0.35381454
-0.03561246
-0.6772951
0.4776975
0.2024251
-0.6162833
0.8820569
-0.026606165
-0.16260478
0.20711249
-0.4169878
-0.13420963
0.35251188
0.14924641
-0.5597173
0.8186112
0.87760323
-0.20876016
0.9336506
0.38032734
0.35833225
0.41653615
-0.6775874
0.13437526
-0.8335888
0.8903693
-0.9549058
0.119079344
-0.6312354
-0.42678988
0.29269338
0.6301649
-0.18572405
-0.3513004
-0.81031656
0.31665802
-0.33692086
0.2930938
-0.075223766
0.26503724
-1.0791197
0.18947853
-0.020340832
0.6788175
-0.15438583
-0.18128362
-0.96401983
0.40079978
-0.6812251
0.2285483
-0.35549837
-0.18166268
-1.0447235
-0.66945934
0.39889956
-0.4099251
0.4726439
0.34543175
0.7086428
-0.0959691
0.112015896
0.7357359
-0.47656986
0.2302387
-0.0673494
-0.658009
0.5404187
0.5606214
0.37189326
0.16230725
-0.15145445
-0.27849793
0.56877047
-0.54834366
0.47376496
0.30288568
0.17850898
0.89191455
0.27654344
0.37070182
-0.52725405
0.25490838
0.19588801
0.7090171
-0.28353012
-0.48073015
0.6620134
0.32595435
-0.32033142
0.28115332
-0.029509904
0.010246179
0.66889095
0.23782966
0.5490468
-0.006553435
-0.86910164
-0.3559602
0.31718713
0.77650756
0.51022077
-0.19878796
-0.18814652
0.9266036
0.18401894
-0.037945833
0.15617995
1.1556921
0.9893887
0.80460644
-0.7663502
0.7204588
0.3908344
0.71981955
0.28648943
0.9827751
0.42182806
-0.012824667
0.97827107
0.25007498
-0.3684512
0.10037558
-0.2515288
-0.018761422
0.044650383
-0.1336606
-0.15407354
-0.41628984
-0.3281003
0.32164174
-1.1550685
-0.31091797
-1.0047834
0.5710993
-0.71644515
-0.4814095
-0.46477136
-0.3024772
-0.39434674
1.0439461
-0.52907145
-0.10697036
-0.5276888
-0.086760655
-0.17756245
-0.39590085
0.92079186
-0.0026032608
0.05507204
0.1414884
-0.80156565
0.7144394
-0.3308456
-0.3602721
0.5696709
0.15103261
-0.91331154
0.3662121
-0.30097014
-0.7305791
0.057650305
0.6686321
-0.4691326
-0.4896751
0.4446353
0.22063103
0.35793188
-0.84854174
-0.34247357
-0.62325567
0.10851123
0.35088542
-0.26962146
0.33313635
-0.07475518
-0.35209557
-0.49483585
0.46492827
-0.3830825
-0.08160996
-0.16668156
0.63747567
-0.29595247
-0.26940057
-0.16308652
0.26711997
-0.25138736
0.18442573
0.45737037
0.075961925
0.3212862
0.051986486
-0.15059003
-0.20649137
0.29901132
-0.12662436
-0.12724565
0.5044492
-0.5935091
0.9698563
0.89198583
0.10009591
-0.16609727
-0.21630727
-0.106809415
-0.29729694
-0.3608352
-0.9778172
-0.6741381
-0.048133567
-0.38356233
0.6736603
-0.16130218
0.33440638
-0.5314872
-0.3017964
-0.1289381
0.73066705
-0.5271844
-0.59406734
0.87004805
-0.552167
0.47174683
-0.020846372
0.4818334
-0.27223378
-0.5705096
0.19949535
-0.43046197
-0.19858937
0.49951214
-0.15848987
-0.22252196
-0.52745235
-0.25900832
-0.44273552
-0.45211315
0.051699825
0.41445515
0.5488632
-0.6414875
-0.0138502875
-0.034651563
-0.5674933
-0.88245255
-0.7173005
-0.2251425
0.5698601
1.0454332
-0.07744966
-0.28147793
-0.5804418
1.1321092
-0.26872644
0.49711388
0.5321034
-0.48723274
-0.31235594
0.76132065
0.10620015
0.19633664
0.6437194
-0.56139934
-0.12722363
0.5688888
-0.16784507
0.54345065
-0.16434403
-1.0703157
0.6777678
-0.56451714
0.71011513
-0.007329417
-0.8119104
0.6153892
-0.11422157
-0.18734576
-0.084227756
0.8165177
-0.012702612
0.5481176
-0.21490553
0.48418215
0.47036314
-0.09167366
0.7532157
-1.1277043
0.12013847
0.24629617
-0.42568848
1.0145247
-0.031718135
-0.12089823
1.3366328
-0.7423159
0.20328422
-0.49751484
-0.57435244
0.5231368
0.10338784
-0.36964846
0.9496434
0.18110044
0.04075325
0.48508865
-0.13138138
0.2816006
0.08070788
0.42530295
-0.6948961
-0.6771522
-0.053046335
0.07967885
0.6983849
0.31732967
-0.92201185
-0.8037803
-0.25451264
0.41995275
0.0813205
0.53742677
-0.71464527
0.5530833
-0.69867635
-0.737913
0.36469427
-0.33739287
-0.036616873
-0.55132794
-0.88229126
0.33482733
0.5072992
0.031240309
-0.37413722
0.69011474
0.16732901
0.3928115
-0.76146054
0.32445955
-0.19160658
-1.0284417
0.49761266
0.3485313
-0.5668484
0.0295756
-0.3155827
-0.4989918
0.29692328
-0.6939192
-0.7696024
-0.15871537
-0.18663153
0.39504325
-0.6408439
0.01400933
-0.17248647
-0.35240993
0.426076
0.20791548
-0.006910363
-0.83172625
-1.1928221
0.29555914
-0.5731602
0.7073396
-0.5873742
0.051607672
-0.3934131
0.026601188
0.22901964
-0.18407635
-0.058482602
-0.2471511
-0.24035099
-0.3615729
0.44979542
0.9105703
0.17830399
0.44837463
-0.0023577223
-0.021964066
-0.017169286
0.24745326
-0.78020084
-0.083341025
-0.8952439
0.43498212
0.34573472
-0.5390288
0.19335626
0.6930719
-0.42561668
-0.05902338
0.52205944
-0.7369056
0.5588138
-0.69049835
0.4284054
0.41209778
0.4293774
-0.7459314
0.44659373
-0.06694508
-0.5555488
0.74343866
-0.04653993
-0.36169404
-0.39774242
-0.18345636
-0.09286579
0.16296828
0.12912686
0.28937584
0.088075176
0.81912726
0.1846791
-0.22898374
0.100014284
0.20949525
-0.2983195
-0.71618813
0.47502977
0.30929434
-0.0345242
0.40999305
0.2937643
-0.6141259
-0.5801893
-0.9721623
0.6836412
-0.14965001
0.31771165
-0.121296935
-0.782057
-0.541383
0.64757174
-0.18618079
-0.23338713
0.24510556
-1.1362286
0.13850306
0.49644452
-0.39635706
-0.35897148
-1.270939
-0.11880002
0.13404629
0.28466204
-0.79669845
0.22323419
0.40622607
-0.9857318
-0.63029236
0.5171833
0.092787296
-0.5036861
-0.15976502
-0.15700042
-1.1256683
0.09704108
-0.26744655
0.37213972
-0.2502643
0.4649855
0.9584437
0.23235054
0.25522006
-0.14736618
-0.19449055
0.4009576
0.5050696
-0.1658909
0.45185792
-0.29801527
0.37587452
-0.0024216478
-0.9148972
-0.8461825
0.53756505
0.6553732
-0.8184768
0.65650463
0.05488673
-0.35226378
0.43247434
0.2796679
0.59971803
-0.62984633
-0.079704516
-0.3791219
-0.17495148
-0.41758102
0.8880849
0.4375036
-0.34612596
-0.48783588
-0.8856688
0.85866404
-0.1253386
-0.70812666
-0.50568926
-0.21195398
-0.39975765
0.6857595
-0.2503671
-0.098443955
0.9241421
0.10607407
1.0107987
-0.83857423
-0.2865675
-1.2006009
0.4721471
0.42099375
-0.055142727
0.49629867
0.9826134
-0.047238864
-0.59836024
0.10737194
0.48235026
-0.28255054
0.9242821
1.0026709
-0.02114913
0.07224308
0.22789842
-0.46983373
-0.28015807
-0.6241489
-0.6747899
-0.7958235
0.78805465
0.54382485
-0.039597165
0.81783926
-0.46656498
0.49895453
-0.6561099
-0.9138311
-0.07375474
-0.2629932
-0.20523205
-0.38623917
-0.30811447
0.034076937
1.0412323
-0.09474942
-0.89059913
0.46835095
1.2193625
0.06254198
-0.0063848095
-0.6895692
0.7973096
0.5522316
-1.168451
-0.21196297
0.2568508
0.8561127
0.6845925
-0.13647391
-0.32696208
-0.3442029
-0.12635233
1.0046766
-0.12349548
-0.33725697
-0.6550536
-0.0448194
0.6001254
-0.6190548
-0.2492043
-0.5039011
0.40541118
-0.4012492
0.27771863
-0.26743668
0.2686059
-0.31263328
-0.40991765
-0.13764922
-0.035663083
-0.41265723
0.86326766
0.9391215
-0.47496575
-0.20994733
0.4029207
-0.6795482
-0.13150498
-0.32716143
0.29517558
0.54255366
0.6229122
0.5580289
-0.068566054
-0.59349066
-0.2507176
-0.4545095
-0.50049555
-0.45535368
-0.7998961
0.61971515
0.23461612
0.80757254
-0.5068451
-0.69591224
-0.3336513
-0.31892145
-0.6505676
0.2469208
-0.3967821
0.064199135
-0.63453436
0.18426748
0.74403584
-0.53004265
-0.92147666
0.3191488
0.28685665
-0.5982375
1.2361119
-0.8319942
-0.6698317
0.7989072
0.19665636
0.42671528
-0.7361562
-0.4067104
0.30756694
0.28452656
0.29283354
0.7394459
-0.11459106
-0.2631782
-0.077624254
-0.538559
-0.08345262
0.2074141
-0.49325565
-0.24124111
-0.17904705
0.34286457
-0.06870554
0.93648756
0.21565394
-0.65279937
-0.32643923
-0.19807743
-0.12434094
0.21828574
-0.43797332
-0.57716
-0.5082315
-0.21133325
0.022386858
0.92345107
0.36295152
0.13223666
-0.4821678
-0.69618136
-0.05267294
-0.13409665
0.41248754
-0.1660071
0.7358833
-0.42047438
0.4128768
-0.3549943
-0.80074793
-0.044706047
0.4629274
-0.52540207
0.68335587
-0.5263825
-0.26638487
0.3382731
-0.48229355
-0.09974117
-0.029289665
0.5786336
-0.9154532
0.45248634
0.58076954
0.7665702
0.17685118
0.179721
0.5228843
-0.6528931
-0.2422764
0.7389666
0.4616138
-0.36927655
0.42503226
0.3300016
-0.4698882
-0.8067738
-0.12095627
0.6929475
-0.3718786
-0.78328794
0.070083894
-0.32792276
-0.15173914
0.706511
-1.15303
0.25828674
-0.8476785
-0.23000889
-0.7966324
-0.27482066
0.6113089
-0.38963822
0.15875223
-0.587036
0.44410855
-0.52270454
-0.40184373
-0.062375613
-0.41740644
-0.824443
-0.21893904
0.9577735
-0.7235518
-0.2903405
0.4121791
-0.12021818
0.17497064
0.5616849
-0.5029314
-0.092636175
0.39326575
-0.17740688
0.7670846
-0.458949
0.39687952
-0.054736983
-0.76907426
0.5580996
-1.1097691
0.1538505
-0.015173416
-0.48512065
-0.6388215
-0.19866148
-0.7542559
-0.32762638
-0.19964164
-0.19101839
-0.10969067
-0.39080262
0.2942331
-0.1296655
-0.73298156
0.22720425
-0.051703364
0.49936634
-0.3805379
0.77021754
0.89685506
-1.214364
0.16036418
-0.37636742
0.5138454
-0.06072008
0.2852228
-0.42045993
0.5816594
0.30599704
-0.4297863
0.5929939
0.30385447
0.025847938
0.26612496
0.64841807
0.95966995
-0.6230345
-0.3200933
0.5506295
0.21754566
0.5001145
-0.081762426
0.21032234
-0.6050226
0.29446948
-0.3953494
0.21103252
0.76874226
0.04592721
0.13246591
0.39601457
0.3000995
0.5221046
-0.4165662
0.3383837
-0.26020935
-0.26214963
0.7182973
-0.55153596
0.16911742
0.24718593
0.039282747
0.08090016
0.40402523
0.20400754
0.22978666
-0.5030737
0.5652793
-0.18943134
1.1874315
0.5000047
-0.14817002
0.84967875
0.36824858
0.57329077
-0.49251327
0.3941627
-0.35999608
1.0173075
-0.66211855
-0.8341111
-0.22332223
-0.58914876
-0.011010928
-0.017845873
0.21471824
-0.2833472
-0.41834402
0.43824938
0.08715517
-0.17776959
0.4295146
-0.16074039
0.3316056
-0.73308337
0.16249485
0.27326295
-0.19403853
-0.078635566
-0.3225971
0.041834965
0.69698507
0.27798426
0.22383665
0.81464505
-0.5667988
-0.09238122
-0.5814388
0.6252902
0.8036874
-0.07354757
-0.16725726
-0.79522777
0.1564575
0.54353696
0.6000595
-0.43243265
-0.3437475
0.42907923
0.7340424
-0.41718033
-0.5429184
0.6255982
-0.84401035
-0.06647203
-0.39132777
0.46785098
0.7350714
-0.95064795
0.37409732
0.37567064
0.18464777
0.00494263
0.021828951
-0.21545412
-0.4382592
-0.06252867
-0.74520946
-0.027878873
-0.3969871
-0.24325715
-0.3580922
-0.38881284
0.8189401
-0.33796623
0.57643086
0.52080786
0.91807234
0.076876745
-0.4590883
0.37349582
0.22581545
0.6418827
0.48071614
-0.3458279
-0.3913991
-0.49403507
0.01183738
-0.1598273
-0.56620365
-0.030320229
0.3077283
-0.4148168
0.40533894
-0.09604652
0.112339996
0.48826355
-0.3344714
-0.6526383
0.49830866
-0.5683083
0.03673445
-0.39318225
0.80320156
-0.60449106
0.50109184
-0.3382239
-0.95789534
0.671031
0.10871858
-0.62875354
-0.4676315
0.6665956
-0.43323746
0.040057916
0.40445545
-0.04119198
0.37034333
-0.28815556
0.40091026
-0.97385657
-0.10454973
1.1746917
0.3043468
0.120196804
-0.58215255
-0.26619118
-0.088303514
-0.049600754
-0.42225626
0.40887117
0.022944802
0.6362489
-0.07690209
0.87282485
-0.58695924
0.5333753
0.3309214
0.16308291
-0.05287386
0.30894637
-0.33327723
-0.3739707
0.84108293
-0.75300556
-0.17332034
0.50925595
-0.7162673
-0.042127848
0.8812611
0.5964377
0.64194995
-0.010836452
0.4100912
-0.91265
0.5964172
-0.45421395
-0.6566156
-0.08512446
0.020166947
0.95617133
-0.026885318
-0.4194502
-0.16421126
-0.19546865
0.60060483
0.577853
0.07181833
0.79771465
-0.6776867
-0.11318771
-0.52642083
0.47823453
-0.3795209
0.5876586
0.10885153
0.09921617
-0.75487334
-0.44609696
0.5539572
-0.03515423
0.33022705
-1.0207553
0.68767166
-0.15298027
-0.04079247
-0.0995555
0.26550284
0.7110968
0.44294813
0.5906683
0.08940876
0.49069035
0.3598133
-0.16083321
-0.435898
-0.07357729
-0.76947105
0.7917582
0.14520489
-0.12062948
-1.0416658
0.18259782
0.45069095
-0.28322777
-0.3177403
0.6229414
-0.24354886
0.9237078
-0.58181334
0.4239843
0.50685394
-0.9919404
-0.8072117
1.0946364
-0.23611546
0.5121685
0.09950453
0.89115167
0.43203834
-0.107109845
0.4430843
-0.8610091
-0.47036386
-0.60045534
-0.050226953
-0.34987342
-0.21524522
-0.022705842
0.22551589
-0.056491643
-0.31631032
-0.7272976
0.42434198
-0.22385477
0.04317457
0.16388078
0.59230864
-0.52916104
0.35349044
-0.7643123
0.011985973
0.16763736
-0.46861085
-0.28947994
0.31687203
0.48912606
0.3536486
0.8235939
0.14501838
0.22492173
-0.43641242
-0.014073531
-0.41687214
0.045331832
0.045649935
-0.64704156
0.28327453
0.60608035
-0.4975565
-0.11210372
0.12804893
0.32454303
-0.20003995
0.010599739
0.6317823
-0.7863359
-0.2217327
0.0944679
0.1978076
0.6287298
1.2056283
0.006351153
-0.28412324
0.23945317
-0.16264962
0.047543094
-0.025315037
-0.3964918
-0.34931007
0.66749
-0.07026718
-0.3846964
0.5070142
0.54892236
-0.7259371
0.196812
-0.18838687
-0.47702473
0.75149125
0.56159866
0.40457508
-0.23708865
0.05360013
-0.26657882
0.7448383
0.5333762
-0.16487283
0.5258856
-0.7784963
0.24553117
0.8933184
-0.18787773
0.49705765
0.14613278
0.50319713
0.7763089
-0.4198872
-0.29091376
-0.03930337
0.18599337
-0.73419106
-0.26470312
0.7990988
-0.2908865
-0.2340868
-0.15589061
-0.2614365
0.8098625
-0.13838829
-0.11757917
0.95044345
-0.4010933
-0.5040743
-0.16266344
0.327848
-0.18976243
0.66320795
-0.9147334
1.03872
0.5960694
-0.70481735
0.26015744
0.7087788
-0.1812211
0.18212397
-0.7053996
0.18314864
-0.33589622
0.35813752
-0.16578461
0.13743965
-0.619653
0.25570548
-0.58721393
-0.6659226
0.010917843
0.14744608
0.31811345
0.61478317
-0.16658337
-1.3366073
0.18745872
0.53074855
-0.5018506
-0.2829019
0.29610974
-0.19217935
-0.84127486
0.6718201
0.27129948
0.5009198
0.09389963
0.28694192
-0.46305892
-0.06160242
-0.3725709
0.33738527
0.16173027
-0.1851188
-0.06564963
0.8727278
-0.23681006
0.8193549
0.37587824
-0.27369827
0.39300698
-0.27044487
0.10189616
0.76617706
0.56688875
0.7973628
-0.5492786
-0.03894113
-0.6802801
-0.043410823
-0.95046926
0.45468792
0.8036361
0.37810072
0.05211737
0.7252258
0.28977266
-0.5087066
-0.15974972
-0.15671687
0.48215678
0.39209974
-0.5486891
-0.34578276
0.93024576
0.829692
-0.50110203
-0.9248674
0.4758188
0.51774853
0.50535625
0.4878363
0.023972593
0.9707095
-0.5103278
-0.6734824
-0.04699969
0.14189693
0.0076656104
-0.24999204
0.11004709
-0.23681875
-0.40696257
0.7221524
0.12735651
0.1888587
-0.6788667
0.7733598
-0.4952254
-0.031270202
-0.46027467
-0.7393136
0.08788252
-0.6237134
-0.52707124
-1.0922843
0.019655064
-0.15214925
-0.358568
-0.40134457
-0.2825146
0.8524245
-0.14836185
-0.7858919
-0.47485068
0.56489176
0.4059147
0.7668035
-0.8780191
0.2825216
0.5110888
-0.2656327
-0.07540736
0.019388627
0.66312915
0.043363623
0.628441
0.6616864
0.2525669
0.19758627
0.6242886
-0.37830895
-0.4379143
-0.96473867
-1.1382318
0.34008098
-0.061717086
-0.18636052
-0.23337574
0.45330235
-0.5737158
0.03668401
-0.080962084
-0.6492805
-0.9203013
0.26738584
0.3116732
0.27275392
-0.6908143
0.9933437
-0.4226582
0.52279806
-0.28500247
-0.813565
0.43441477
-0.021221254
0.2791042
-0.8982929
-0.207845
0.79325074
-0.50861853
0.42762503
0.80019647
0.39809582
-0.4501471
0.59808385
-0.6106924
-0.8127239
0.4576614
0.16328152
-0.4329203
-0.35165542
0.6067836
-0.27022406
-0.17434953
-0.30048922
0.6798071
-0.5224919
-0.060360108
0.3510029
0.1261342
-0.73384184
-0.5811699
0.81208986
-0.1621712
-0.120449625
0.3387792
0.31162348
-0.2674475
0.18668257
-0.6582536
0.7200084
-0.21221268
-0.03629984
-0.19333014
0.034089766
0.37841508
0.27150068
-0.13848558
0.8321786
-0.55501974
0.7808315
0.1140799
-0.48502803
0.5881212
0.21848518
0.5385727
0.23338948
0.24872555
-0.11962461
0.2252006
-0.30765617
0.6114895
-0.85778666
0.5925912
0.4971489
-0.21553078
-0.23999828
0.90966296
-0.16157341
-0.5263018
0.8660595
0.029743226
-0.11698188
-0.33160862
0.016395632
-0.39037958
-0.50381273
0.6079081
0.24981605
0.44417182
0.9228465
-0.73338896
0.043986022
0.62424386
0.26617798
0.81143284
-0.2493337
0.4335589
-0.01720233
-0.5923524
0.27229133
0.7909394
-0.49283087
0.028053585
-0.14736305
-0.8093544
0.5902745
-0.6929544
1.3445775E-4
0.60177374
0.48209962
0.8430009
0.76355255
-0.56989026
-0.9447082
0.3250931
0.07686308
-0.21842982
0.24798073
-0.06485985
0.017298302
0.2266481
-0.07347782
0.4312638
-0.0717753
-0.12561475
0.13105774
0.4291064
-0.17686947
-0.5399112
0.3749627
-0.48597476
-0.30432448
-0.50124997
-0.54742485
0.18277809
-0.213437
-0.41236767
-0.5684416
0.8030218
0.29310513
-0.50732243
-0.612666
0.18120757
0.25064117
-0.39471173
-0.77071244
-0.28112987
-0.9522644
-0.82248014
-0.37730822
0.21770875
-0.6212787
0.11550921
0.5940818
0.7992988
0.19808328
-0.7655435
-0.2545832
-0.24261466
-0.70895255
-0.03787781
0.47646844
-0.6709401
0.20012686
0.6679487
-0.1358548
0.25190222
-0.35173967
0.24980697
-0.26310897
0.0355928
0.4757247
0.08765542
-0.12515475
-0.090120874
0.64696807
0.6100341
-0.5644752
0.20424189
-0.31084415
-0.14076908
0.06913793
-0.4648102
-0.32255748
-0.3878944
-0.26749837
0.3384916
0.41847923
0.47082853
-0.37963852
0.068517
0.8198588
-0.10640191
0.55553424
0.8246598
-0.9646159
0.40467063
0.58690715
0.30920985
0.6022585
0.8341584
-0.7126975
0.014698595
0.051358793
-0.22429743
-0.36585888
-0.41933432
-0.23706716
0.1679485
0.8858843
0.7973153
-0.19288145
1.0520588
0.29225287
-0.1186757
-0.086532325
0.88351804
-0.39101347
-0.7186981
0.09088911
0.58596337
0.060834527
-0.03751259
0.31866524
0.11830464
-0.009875554
-0.26947993
-0.22168782
0.32454273
-0.30828503
0.5140331
-0.6996224
-0.5042858
0.63805956
0.29422238
-0.9430895
0.53063715
-0.47269446
-0.7554014
-0.96740484
0.0599001
0.021225985
-0.19612265
-0.4296339
0.7897155
-0.17380616
-0.04071278
0.38910383
0.7302638
-0.34932053
0.2637082
-0.5131985
0.15699577
0.23186661
-0.20251897
0.08708306
-0.28616795
0.38498315
-0.9467159
0.39647546
-0.5106779
-0.5242146
0.1167851
0.02600441
-0.06718734
0.25519344
-0.20769905
0.5510002
0.25228047
0.017138103
0.8198457
-0.48075718
-0.3567181
0.37485227
0.37858203
-0.8975241
0.010875989
-0.12033457
0.399474
0.014841171
-0.30041507
-0.48928246
0.72904885
0.6468063
-0.35416928
0.16162413
0.44150594
0.57761276
0.6057729
0.38153607
0.40667233
0.18006425
0.49199948
0.5272674
0.43008918
0.5047886
0.19022785
-0.052347615
0.20088731
-0.74675596
-0.6363861
-0.5296541
0.4593668
0.2136559
0.3952032
0.64693785
0.6703438
0.124195054
-0.6544274
0.46403554
-0.39932138
-0.5751093
-0.15810253
-0.18371616
-0.143424
0.020878842
-0.19152139
-0.50963926
0.5641339
-0.5002421
0.5527864
-0.27399287
0.10437896
0.7793403
0.45270965
-0.33875775
-0.05718778
-0.41387093
-0.8594387
0.83174294
-0.38772944
0.40274596
-0.02675289
-0.18651637
0.29106352
-0.16830729
-0.42893878
-0.48876405
0.28298017
0.34771618
-0.52089137
-0.22173902
0.48276794
0.23376156
-0.4608989
-0.44712913
-0.5964679
-0.08001987
-0.9122216
0.67089784
0.54082817
-0.5639404
0.04674108
-0.11158477
0.47927395
0.04507261
-0.17128223
-0.9620379
-0.081254005
-0.5502056
0.31286398
-0.5838593
0.3368724
-0.27762032
0.78265786
-0.31822893
0.52210814
-0.48293743
-0.37710044
0.366709
-0.7285917
0.3069237
0.42408377
0.39073417
-0.027775137
0.116581865
-0.048340224
-0.08876881
0.47828785
-0.07790283
0.48250023
-0.9290895
0.3849443
-0.26279655
0.07641324
-0.5139743
-0.57491046
0.47710344
-0.44668135
-0.09323312
0.5444868
-0.7386731
0.78696954
0.38309464
-0.25457874
-0.055984344
0.7108467
-0.04176671
0.75520384
0.3090498
0.51707155
-0.7630861
0.43161303
0.3127064
0.314167
-0.41304678
0.38620803
0.07947579
-1.1661457
0.56905967
0.86289096
0.9269262
-0.46857285
0.59935004
-0.41839144
0.18720542
-0.38484168
0.6262924
-0.7387643
-0.70633256
0.46513617
-0.14597973
0.7351124
-0.60211724
0.22364236
-0.07139351
-0.18436536
0.7372359
-0.13653176
0.05074385
-0.4641815
0.9120482
-0.33270708
0.18532382
-0.12158591
-0.25451177
-0.62823313
-0.23470888
-0.03848929
0.3235094
-0.659723
-0.68453175
0.66658884
0.31417924
0.68379945
0.79028636
0.03927079
-0.20953356
-0.15712589
-0.24449159
0.13331567
0.12201825
0.393054
0.65575415
-0.7923479
0.19070794
-0.44351614
0.024719745
-0.43500915
0.24503092
0.24343036
0.5631925
-0.35949993
-0.13354044
-0.10172501
-0.9082564
-0.54977727
0.29796275
0.5419823
-0.90025604
0.63120544
0.052775625
0.3801213
-1.3125309
-0.2343152
-0.006980199
0.329183
-0.4852063
0.22771974
-1.1229671
0.70468676
0.20935376
-0.40346363
-0.47625664
-0.46965605
0.4614941
0.2976706
-0.31280157
0.8335259
0.24758409
-0.841032
-0.74269736
-0.7448416
0.30823305
0.5279126
-0.54097426
0.44941443
-0.19180691
0.15947926
-0.37273762
0.28069377
0.052011818
0.5593134
0.39766595
-0.0157451
-0.4233457
-0.5461878
-0.79016376
0.47297004
0.7869018
-0.21555504
-0.45760533
0.21170689
-0.36229724
0.57829404
-0.0331431
0.26848838
0.41523558
-0.7569522
0.814537
-0.037432235
0.9547979
-0.3368968
-1.0996352
0.060380824
0.011412692
-0.20132777
-0.4169535
-0.117568776
0.8690757
-0.14423558
0.47958362
0.24575683
0.18693872
-0.34948397
0.09440006
0.4401046
0.43546796
0.5167918
0.015318278
-0.25719777
0.50178176
0.23976617
-0.99113053
0.5540995
-1.1817942
0.8789281
-0.1869225
0.517352
0.041433476
-0.3696902
0.90653926
0.16889329
-0.5786709
-0.3322594
0.23896427
-0.38782236
-0.23572458
0.31790856
1.2960373
0.068114474
-0.45114613
0.252086
0.04802037
-0.20950995
-0.24258421
0.53072166
-0.71287465
-0.001942745
-0.23027411
0.6196457
-0.4236709
-0.70882636
-0.14912127
-0.21688461
-0.5577705
0.87529147
-0.6478375
0.42256907
0.3230077
0.54113805
-0.8163689
0.055042136
0.77365124
-0.4288335
-0.013472771
-0.41529065
0.43932042
-0.71049833
0.3983451
-0.2315021
0.13801318
0.20358269
0.05263035
-0.032827295
0.76492536
-0.26392725
-0.22849989
-0.67794394
-0.5692873
0.68344563
-0.0020957955
0.668324
-0.09954817
-0.27379608
-0.5590954
-0.19494672
-0.67703116
-0.11011972
0.63490975
-0.5679867
-0.47024158
-0.5219038
-0.22355446
0.28764945
-0.35247785
0.27211952
-0.5100534
0.040951587
0.20478052
0.18103673
-0.07163117
-0.4979785
0.08392747
-0.25914487
-0.16335563
0.38062918
0.48255128
-0.95697516
0.3708704
-0.8775347
-0.071674414
-0.6219561
3.662408E-4
-0.51455766
0.13632676
-0.37440106
0.6897961
-0.1823848
-0.35004228
0.88179547
-0.46473107
-0.64008963
0.646582
-0.8093754
-0.9852692
0.3524385
0.83804584
-0.41239533
-0.19198605
-0.29443318
-0.7254381
0.70285434
-0.07890421
0.30844674
-0.61899596
-0.40328825
-0.58250916
-0.24671003
-0.37580538
0.4434661
-0.28298005
0.6034186
0.2605277
-0.5934691
0.9930752
0.35084674
-0.2614048
0.52544045
0.4777895
0.54696655
-0.32835844
-0.034791693
0.44195837
-0.35433614
0.6326196
0.36398974
0.6392765
0.5110624
-0.17946894
-1.0515922
0.35881156
-0.41142794
0.078830704
0.107796155
-0.17975906
-0.80808675
0.33031273
0.78555316
0.31832254
0.0046786047
-0.23959824
0.2029856
0.60738015
0.5034577
0.5801938
-0.5849924
-0.14321662
-0.18308176
0.690242
0.026820574
0.06530737
0.24965823
0.16684964
0.5915883
-0.64315045
-0.06755682
0.25422877
-0.26586625
-0.35829055
-0.48683947
-0.27595848
-0.042260885
0.7928213
0.16710514
-0.785547
-0.010546817
0.34378287
-0.9863472
0.35305715
0.26339933
0.9772501
-0.93250644
-0.4472422
-0.08507171
0.2402011
0.6577732
0.10650082
-0.44480774
-0.32724988
-0.5185466
0.38976768
-0.35806534
-0.6383666
0.8470212
0.34933704
-0.36337212
-0.03948067
0.44631374
-0.36189437
-0.5993213
0.24021463
0.28228617
0.67390025
-0.60996747
0.14970241
0.14061835
0.5273892
-0.2086292
-0.21327688
0.37360036
-0.72333366
-0.5886887
-0.5252491
0.68610543
-0.47716132
-0.7766527
0.72588503
0.7168163
0.4909716
-0.36355406
0.09917837
0.5819128
-0.8484773
0.16114056
-0.7703122
-0.06689435
0.67029554
0.04613529
-0.1478477
0.27801496
-0.9995005
0.6627247
-0.20839128
0.81143236
-0.33395016
0.05663064
-0.20945358
0.61317426
-0.18519947
0.3782256
0.756368
0.37817746
-0.5918307
-0.45950812
-0.2365896
-0.1419253
0.66237307
-0.14324649
-0.7611784
-0.13037096
0.12928182
0.26662508
-0.55160874
-0.2036655
0.19821581
0.0064383587
-0.71938324
-0.5541714
0.1653929
-0.2934068
0.20367539
0.43372002
0.08168063
-0.20994519
0.09688563
-0.8899961
0.7989964
-0.32829294
-0.41040865
0.7143244
0.63935125
-0.62939495
0.516955
-0.31822753
0.3968602
-0.27506155
0.17826393
0.031663936
0.9081233
-0.7632207
-0.74497354
-0.44977283
-0.57881737
-0.1456212
0.7901239
0.2863174
-0.24019614
0.39064598
0.40026996
-0.49244693
-0.52138233
0.6062615
0.29119122
-0.26991308
-0.06657111
-0.07473158
0.31989586
-0.61520594
-0.24582556
-0.39190057
0.23853481
-0.18299355
-0.14962645
0.18628237
-0.6844354
-0.29216972
0.57097906
-0.002197617
