0.2556334
-0.5209364
0.23658396
-0.35064894
-0.45618346
0.49475297
-0.15745804
-0.013733198
0.43871278
-0.9475067
0.52345496
0.2247602
-0.7616166
0.34207904
0.36707902
0.18562627
0.05049718
0.20078827
-0.7004139
0.036869064
0.11519607
0.3151848
-0.77993125
0.25627255
-0.3419434
0.4509227
0.26587236
-0.03013818
-0.6444091
-0.43371436
-0.3994962
-0.03671645
1.0700651
-0.37992027
-0.12408022
0.22510338
-0.95374733
-0.3172656
0.5064547
-0.08843613
-0.74143475
-0.34822002
-0.20720251
-0.18221264
0.08828912
0.35222337
0.021784924
0.38249624
0.00657863
0.27717763
0.08136335
0.047729768
-0.44680113
0.9400168
-1.2508476
-0.18104087
-0.45467177
0.21606492
1.035621
0.16123673
-0.58990175
0.30319962
0.006905247
-0.018253794
0.93133134
-0.5870799
0.36593172
-0.66197395
0.06597555
0.0890566
0.6148393
0.4026533
-0.47406355
-0.7192655
0.22379464
-0.11245667
0.2821175
-0.13583057
-0.059522983
-0.5313977
-0.8728582
0.64257854
0.39307067
-0.15901612
0.40095973
-0.3138222
0.5190916
0.0036348565
-0.08252604
-1.3342259
0.6722399
-0.30661252
0.16439828
-0.9311775
-0.52478445
0.1069109
1.394532
-0.4111051
0.36867344
-0.36139378
-0.22922063
0.4830467
0.44353262
0.71552306
-0.31353438
-0.46174756
1.0804334
-0.5685779
0.7189385
-0.6909762
-0.23252918
-0.32882652
-0.40712944
-0.7572246
0.012384552
-0.14554548
0.11575369
0.51784945
0.62175983
-0.12014434
0.4112738
0.584151
-0.9782661
-1.1425864
-0.0028341864
-0.3158426
0.09428407
0.26388788
-0.9626239
-0.032422885
0.07312897
0.03431396
-0.058117747
-0.29853204
-0.20394605
-0.24274758
0.9706507
-0.4203739
0.36062685
0.12415922
0.5461703
-0.24143898
0.26447785
-0.49290365
0.8211591
-0.51719135
-0.0634691
1.103756
-0.40322328
0.7707107
-0.52221256
0.49512398
0.47181278
0.5779808
0.601909
0.2769476
0.11695211
1.1702325
0.2921704
-0.24035501
-0.92759204
0.39581573
-0.21507578
0.9543237
-0.48550364
0.11725941
-0.07704832
0.42692754
-0.43642247
0.15738742
-0.38273075
-0.15771507
0.6272079
-1.0052539
0.6192778
0.11948838
0.29759997
0.7979827
0.51187515
-0.9055528
-0.61140335
-0.6221839
0.23147596
0.06786635
0.03992238
0.6125691
-0.1950802
0.64036465
-0.83043885
0.76562256
0.028273184
-0.6033246
-1.1589729
0.19022691
-0.04381716
-0.25380006
-0.017262837
0.53548807
0.39320132
-0.5628919
0.16361436
-1.0207164
0.4621793
-0.2612056
-0.41899875
0.49881545
0.5008386
0.16271728
-0.5956264
0.36501914
-0.85348034
0.18804918
-0.45129383
0.2717555
-0.2523159
-0.2654807
0.26241115
0.09804798
-0.3264872
-0.5264525
0.59488714
0.025556615
-0.3933333
-0.6366418
0.2731918
0.43022263
0.59683514
-0.6560569
-0.42433608
0.63443214
0.21584976
-0.20312436
0.6268664
-0.0012675149
-0.16577034
0.427946
0.20325784
-1.55577
0.39563003
0.3358669
0.07064795
0.49469486
-0.7920631
0.50614023
0.06883141
0.9673265
0.012031497
0.10409556
-0.7982894
0.708602
-0.5870152
0.3244963
0.0729351
0.43097243
-0.32639664
0.10272971
-0.553529
0.90675664
0.26419723
0.82313985
-0.25355482
-1.0023496
0.03529437
0.28746074
0.61505497
-0.16406068
-1.4040972
0.1477669
1.1037174
0.18903372
-0.6590844
-0.8081383
0.70544845
0.0543231
-0.4220944
-0.29832953
0.8347171
-0.902713
-0.76742554
0.9459555
-0.5254024
-0.20738153
-0.6574783
0.10922528
0.15031359
-0.08917186
-0.27583283
-0.1390446
0.8832099
-0.7435153
-0.6075487
0.1440819
0.6062958
-0.40349233
0.5460547
-0.8227391
0.080549456
0.89265555
-0.47657362
1.0091699
0.42931077
-0.93374133
-0.18045616
-0.13534418
-0.38944536
0.23896864
0.09122546
-0.40956703
-0.59189427
0.39404196
-0.31344834
-0.3804002
0.26449904
-0.03108318
-0.6096593
-0.823485
0.27148876
0.6413171
0.7142167
0.4155891
0.045541756
0.29802737
-0.30418634
-0.037619825
-0.124834076
0.17349239
-0.17808995
0.029913783
-1.3324639
0.36150002
-0.6559053
0.74560475
0.13279563
0.06051226
0.31976828
-0.58211565
0.12630914
-0.20573726
0.59595585
-0.33779812
0.054039687
-0.27463555
0.85277975
0.03997289
-0.3372118
0.5317994
-0.3737837
-0.075805634
1.2109034
-0.6065018
-0.4244873
0.15874451
-0.621446
0.48676494
0.435994
-0.1691073
-0.5496217
0.038149416
-0.8493637
0.5956588
-0.43400443
0.14742246
-0.27818373
0.59294075
0.4163062
0.13533622
0.4118341
0.03194577
0.11732443
0.08827085
-1.1630564
0.45996365
0.6232912
0.116417974
0.74251205
-0.0063802823
-1.0392184
0.21446277
0.7309446
0.59950376
-0.47733235
-0.72276974
-0.5000524
-0.7290698
0.14246197
-0.0803422
0.47514096
-0.08695125
-0.41772667
0.37699082
0.20374338
0.25500146
0.34582278
0.36835355
0.18619005
-0.6752277
0.66092557
-0.4707976
-0.29291105
0.7019356
0.47277048
0.28244436
-0.12430815
-0.29006654
0.1990776
-0.40340343
0.8605117
-0.025273204
0.2805469
-0.99580586
0.47172156
-0.4891768
-0.6898687
-0.81758875
0.33928534
-0.23337258
0.5194264
-0.86238
0.11801615
0.25168046
-0.9195608
0.9927599
-0.7558541
-0.15988727
1.0221655
0.7846281
-0.60852844
-0.53071105
0.69104165
-0.6085958
0.21800393
0.3419998
-0.049666367
1.3458586
0.708982
-0.6463253
0.42727605
-0.38692504
0.18559164
0.13867092
-0.90090746
-0.10187101
-0.08564679
0.24324733
0.58929443
0.24282105
-0.39354494
0.02964545
-0.28823715
0.13135073
0.18525366
0.09744418
0.031048575
0.51957554
-0.9638911
-0.3988984
-0.90762556
0.7196572
-0.09519138
-0.0697408
-0.34649283
-0.13057326
-0.8174442
0.33293676
-0.034516342
0.3230454
0.39301237
-0.67812735
0.021905702
0.5293253
-0.32373416
0.6619748
0.8107191
-0.32326934
0.33516976
0.53136003
-0.3338975
0.38701084
-0.2239701
0.3131807
-0.4652538
-0.042273898
0.40305233
0.054021608
1.034221
0.7604775
0.44780284
-0.69853157
0.25791466
-0.74255633
0.1617852
-0.3810955
0.856042
0.11350039
-0.47591728
-0.2750773
-0.7064546
-0.24763685
-0.1403905
-0.37325576
-0.013093913
-0.75349015
0.4887469
-0.093786396
0.057734404
-0.055090945
-0.33442774
0.06642792
-0.27542448
0.6267811
0.110388525
-0.12365023
-0.21061987
0.24497315
0.23420005
0.010276894
0.6320612
-0.10939536
0.9350517
0.546789
-0.29737696
-0.7537809
0.8248176
-0.15430127
0.16960384
-0.0034382185
0.7839479
0.026410848
0.26097298
-0.46020737
-1.0079468
0.48571804
-0.6294416
0.08103969
0.108413555
-0.5842419
-0.20365074
-0.812048
0.21011251
0.94323975
-0.20529981
-0.12647302
0.22757715
0.2925664
-0.077885985
0.5658818
-0.24883164
-0.004415024
-0.6239502
-0.64961344
-0.47529715
0.009624435
0.06350829
-0.53679526
0.0024046034
-1.0684035
0.878965
-0.5558957
-0.17638466
-0.4614136
-0.2638007
0.37864983
0.4164048
-0.14721863
0.27796724
0.45109582
0.7750274
-0.63098496
1.1569293
-0.17914933
0.24513502
-0.77808285
0.38129404
0.46266425
0.5335338
0.046567377
0.27683467
-0.17270857
-0.68961054
0.46727642
0.123228155
-0.82411146
-0.2891322
-0.051433027
-0.24046807
0.39881337
0.24355522
-0.5546982
-0.20009422
0.41532382
-0.42684087
-0.10819147
-0.21690111
-0.5821076
0.73911893
0.1513607
0.08002877
0.55166084
0.29684985
-0.31359357
0.61355853
0.042712215
-0.5727171
-0.079938374
0.4475897
0.36184612
-0.52116805
-0.4289843
-1.0346386
-0.13697046
0.27817202
-0.5092968
0.7135343
0.53046066
-0.09081805
-0.46678516
0.46190804
0.06036423
0.27706322
0.45774078
0.2512249
-0.13688453
0.23207112
0.25804904
0.1916112
-0.6117733
0.39227912
-0.66946113
-0.32029667
0.1748458
0.09104425
-0.30455408
-0.008587832
-0.34434307
-0.26325834
-0.5258688
-0.6747954
0.20561704
-0.7022201
0.39593872
0.7222672
-0.05728658
0.09895221
-0.43639588
0.91898674
0.27437273
-0.23298472
0.23634416
0.3969561
0.35399812
-0.14262334
-0.43091235
-0.59769285
0.49159086
0.44348443
0.5541751
0.0577351
0.48047802
-0.63863075
0.09161144
-0.3878336
-0.47976837
-0.29047
-0.340906
0.16296951
0.07755313
-0.32995906
0.39918023
0.3168053
0.99388015
0.06242269
-1.1075526
-0.050478507
-0.67182904
-0.0751483
0.79351336
-0.67327434
-0.50662607
0.18528935
0.502933
-0.336507
0.2975697
-0.6387153
0.2574335
0.20739536
-0.48090625
0.5196388
-0.46210936
0.17650093
0.39857537
-0.10849358
0.03986281
-0.022168072
-0.27707016
0.1399186
-0.29447523
-0.43995824
1.0933791
0.87084705
-0.5404277
0.550288
0.122338824
-0.15054986
-0.10703818
-1.1502914
0.42840242
-0.856105
0.5633687
-0.70584065
0.121603265
0.26057768
0.12413208
-0.49987146
-0.5292623
0.40500385
1.1577101
-0.86084485
-0.59921277
-0.31680378
-0.6377504
-1.3972489
0.7325409
0.2669586
-0.06593042
0.74165714
0.1903536
-0.22082405
0.34189504
1.021898
-0.57848066
-0.21084374
-0.36712036
-0.45144176
0.43394485
-0.5309237
-0.40186793
0.04934766
0.2916777
0.32851204
-0.22921138
0.9971752
-0.25313187
0.27721176
0.3028115
0.072504856
-0.20944628
-0.3469438
-0.3101968
0.17954147
-0.012189003
0.15340145
-0.56645757
-0.7250003
-0.75420773
0.28226185
0.3138181
0.6095486
0.11915333
-0.66480404
-0.2589362
0.9630537
-0.39717704
-0.41367093
0.047623362
0.53989226
0.035807423
0.026426427
-0.90047276
-0.35720742
0.0042434284
0.15085082
-0.25610274
-0.76274645
-0.42970356
0.3014822
0.0043142005
-0.3220332
1.5127937
0.22928537
0.19548133
0.09114599
0.85028493
0.19967152
-0.21313842
0.18703505
0.3393805
-0.80794424
1.3708812
-0.38907105
-0.14332037
0.070045486
-0.30441648
-0.34283212
0.16091552
0.12398685
0.79776764
-0.65490866
0.51646894
-0.9382317
-0.2446072
0.18070228
-0.8301607
-0.19907685
-0.034029286
0.12398532
0.014578062
-0.6159539
0.13138719
-0.64937663
0.39589936
0.39531714
-6.4823264E-4
0.5214498
0.86129725
-0.67554176
0.9705852
0.47218826
0.30399713
0.5876817
-0.44225875
-0.8235587
0.076609306
0.13642026
0.0153110195
-0.45366925
0.2781924
0.11642943
-0.31330124
-0.33636206
-0.20082606
0.6949688
-0.13438596
-0.026289113
0.1859473
-0.6854468
0.55564404
0.43310028
0.8471631
0.4190549
-0.37828356
-0.103308596
-0.14085339
-0.04494265
-0.64235574
-0.22104202
-0.18580092
-0.13040172
0.2565511
-0.28370214
-0.008041136
-0.31753492
-0.335303
-0.4661764
0.28112638
-0.14877541
0.2196392
0.013357868
0.50797296
0.19960998
-0.5315659
-0.5854371
0.7399243
-0.32785308
-0.08414074
-0.32233158
-0.16143641
-0.91952944
-0.2540257
0.49146724
-0.17314994
0.75725037
-0.18082777
-0.17676443
0.47654343
-0.072711535
0.16754599
0.15282203
-0.109414265
0.031929903
0.39517117
-0.535559
0.0015636832
-0.15884975
0.4502088
0.45870143
-0.20663694
-0.3888338
-0.08253613
0.5067779
-0.29862952
-0.3965206
0.31083342
0.7852793
0.64877605
-0.68526524
-0.38785484
0.6412359
-0.13323346
0.18918656
-0.26693428
0.09518344
-0.483173
0.7000614
-0.15329207
-0.5347524
0.46483934
-1.0131719
-0.7083718
-0.9055631
-0.18617053
-0.13160707
0.1364796
0.3488275
1.106991
-0.24019153
0.24654123
-0.14413883
0.26631814
0.27821365
-0.13778423
-1.0029888
1.0154569
-0.031107143
0.4016198
0.14368662
0.9479077
-0.52558535
-0.27415016
-0.85470307
0.23980765
-0.045902357
0.025290383
-0.01903737
-0.8010538
0.383909
0.20831324
0.10023462
0.26802406
-0.007990034
0.30263907
0.03796784
0.7684409
-0.33856177
-0.8004344
1.0639012
-0.6979878
0.5879655
0.15102215
-1.1428384
-1.0349351
0.677351
-0.11658506
-0.22753364
0.61962706
-0.045447838
0.6118209
0.0866275
-0.5819153
0.45757338
-0.51762736
0.60109556
0.14293432
-0.2694127
0.5521209
-0.6213986
0.10817381
-0.535788
-0.14971931
0.4414847
0.7054541
0.64967364
0.86387646
0.39020157
0.92729264
-0.41089377
-0.018057503
-0.44635934
0.13874635
-0.087061495
0.6853189
-0.82845205
0.31992885
0.4794353
0.08811897
-0.03727261
-0.4956876
-0.0389296
0.062497877
0.010966469
0.20597422
-0.6664955
-0.23091799
1.0565373
-0.5792699
-0.24403003
-1.1112332
-0.109248735
0.55050546
0.6710307
-0.47905725
0.13534191
-0.63241416
0.29149994
-0.35016736
0.08330878
-0.34410402
0.175897
0.8368161
-0.23805712
-0.30591807
-0.5938406
0.2713568
0.47546098
0.8819097
-0.55040604
0.9223436
0.114092104
0.03249634
-0.069686785
-0.4158765
0.076094545
-0.24875234
0.34033212
0.49860275
0.29165947
-0.93498266
0.48499092
0.3086553
-0.37909508
0.33161512
-0.15001948
0.52213144
-0.6199097
0.5248181
-0.9545988
0.14331466
-0.38110933
0.34781793
-0.116655566
-0.39953446
-0.56181794
0.69178706
0.07640392
0.24379082
0.13343953
0.053607576
-0.4800597
-0.15242924
0.06426553
0.09952833
-0.0024541838
0.046451863
-0.61573327
0.0457123
-0.44042876
-0.13706197
-0.43655992
-1.1417902
0.17360424
1.01636
0.16975786
0.026122134
-0.22998816
-0.5184625
0.011477059
0.25925076
-0.051045634
0.7177257
-0.3163747
0.07856067
0.38945752
-1.0794865
0.5731763
-0.31454366
0.03480813
-1.2063247
0.26084417
0.22252044
-0.8012261
-0.7952553
0.0011947197
0.4458211
0.26832896
-1.0288892
0.32266918
0.21003515
-0.33159775
0.1413418
-0.091156684
-0.005925231
0.23059395
-0.09983691
-0.6905989
0.7311558
-0.50943017
-0.98012215
0.5281962
-0.22135617
-0.6394987
-0.5513927
-0.43735972
-0.48238915
-0.13105114
1.048216
-0.6121806
-0.20857991
0.32827044
0.1266517
0.17274031
0.33221495
0.56455344
-0.2271003
0.23916566
0.010040371
0.09932211
0.32360825
0.031484347
-0.40600395
0.098479286
-0.1929274
-0.6697059
0.07422161
-0.14387986
-0.38234684
0.111792274
-0.056776844
0.90771943
-0.5591547
0.6367793
-0.05341566
-0.14966026
-0.20819631
0.31841168
-0.3697129
-0.12053858
0.8281091
0.32073215
0.38053516
-0.4294808
-0.66030693
0.025709478
0.4253739
0.57878315
1.0139471
0.2751037
-1.0673136
0.8173728
-0.384144
-0.06479613
-0.5252904
0.6391366
-0.54540956
-0.10862693
0.0646632
-0.14652303
0.29726177
-0.45325282
0.78602284
-0.67715716
0.5979728
0.1482573
0.10235874
0.3622733
-0.3454587
0.43364662
-0.4255249
-0.49175537
0.35462096
0.71212935
-0.7491659
-0.28469017
0.05874601
0.23110801
0.38418233
-0.3550706
0.15910345
0.33440852
0.38857323
-0.113347486
0.0565112
-0.07119944
-0.26576
0.9558595
-0.06636196
0.5000933
-0.46368313
0.57435507
0.16333044
-0.3451383
0.058707926
-0.3983491
0.07975061
-0.6223281
0.34251517
1.297731
-0.25305253
0.7376409
-0.17802992
-0.5729369
-1.2286471
-0.11138686
0.39936894
0.049953792
0.46358696
-0.37023935
-0.18041171
-0.42809024
0.0072637973
-0.26732996
0.3801118
-0.46783358
0.28425112
-0.474515
0.13533007
0.49704316
0.372266
0.24403697
0.5902824
0.4854561
0.07106957
-0.4860051
0.6675234
-0.056408074
0.31130525
0.26853183
-0.75876135
0.026597874
0.7537094
-0.7785613
-0.061540257
-0.19643964
-0.010967256
-0.55017704
-0.7756434
0.42416656
-0.3948451
0.35539514
-0.20260145
-0.748703
0.23280188
0.9178088
-0.36981007
0.40192002
-0.077721685
0.15515567
-0.2229381
-0.37091172
0.66970253
-0.026931917
-1.267263
-0.2448453
0.11589449
0.67735904
0.58067566
0.18267974
-0.24581571
0.040417943
0.3192247
-0.42387944
-0.31986234
-0.7987116
-0.12609991
-0.22458261
0.37623212
0.022999946
-0.55060494
0.21078253
-0.25802964
0.36963752
0.024981588
-0.058199633
-0.9939716
-0.5548796
0.5401613
0.064353295
-0.80823827
0.081556655
0.11401801
-0.607182
-0.46164143
0.17785561
-0.20150065
-0.13888846
0.10261675
-0.3326999
0.5800501
0.23273167
-0.37754127
0.45220265
0.37342563
0.3783524
-0.66364473
0.5317791
0.3753118
0.17247345
0.0973656
0.20636502
-0.14357877
-0.59457415
0.6309197
-0.34575236
0.46325922
0.1859825
-0.1832568
0.51361686
0.5551204
0.40931556
0.8656432
0.72272384
0.8421911
0.031558473
-0.55171216
0.12596571
-0.15489808
0.3731951
0.15217155
0.025074674
-0.21132846
0.02242927
-0.29913533
0.049227256
0.12882073
-0.33438572
-0.50940883
0.13631469
-0.40445256
-0.49443474
-0.0051440764
-0.02830135
-0.6125463
0.6597502
-0.39789417
1.0542089
-0.50613695
0.119511396
1.0714087
-0.3849472
0.49248615
0.5834223
0.5670722
0.7592755
-0.5117647
0.9981868
-0.7494626
-0.42075124
-0.47882447
1.4138793
-0.39238665
-0.4983876
1.0848098
-0.8099972
0.11156603
0.012552614
-0.019736912
0.4079955
0.12743878
0.54964465
0.3199778
0.35087976
-0.6655547
-0.85935324
0.69413835
-0.622587
0.47523057
-0.71842116
-0.49080616
0.55723715
0.39295605
0.05697496
0.4400773
-0.8873415
0.882261
-0.46450385
-0.7854598
0.07500221
0.73953784
0.12199488
0.037782345
-0.44598913
-0.44719613
1.027769
-0.10665445
0.33578607
-0.17981471
1.1110474
1.3839272
-0.010455309
0.2101083
-0.34842226
0.2796848
-0.5303176
0.4872708
-0.08495152
0.024789099
0.4384995
-0.1253593
-0.37537852
-0.70227116
0.71111166
-0.6024907
0.25647458
0.38525388
0.5176586
-0.27659336
-0.0012963234
-0.59396803
-0.041375082
0.6880934
0.12804137
-0.4815415
-0.036562648
-0.38260478
-0.7124691
-0.4223013
0.16159353
-0.52046824
0.69411933
0.10720241
-0.1057245
-0.013984707
0.450657
-0.22647418
0.53734726
0.042099804
0.68505824
1.1198981
-0.72293395
0.059699878
0.52818394
-0.30375734
-0.20018966
0.19368248
0.33960065
-0.15533718
-0.51909626
0.24624099
0.10494544
0.0050994675
-0.5000111
0.16263916
-0.34810832
0.77988845
-0.883135
-0.19491854
0.36681286
0.35728875
0.6228043
-0.66917825
0.7034815
-0.23713882
0.5627663
0.32518148
-0.6020179
0.3931298
0.39395848
0.27631667
0.91317487
-0.11910194
0.3850914
0.6265993
-8.036042E-4
0.5796004
-0.40912023
-0.073198706
-0.55355704
-0.83813184
0.29556897
-0.7219584
0.32682696
-0.61867285
1.0951194
-0.6771395
0.47645319
-0.18145329
-0.08854293
-0.5051176
0.49000052
0.64036137
0.3092251
0.0036477437
-0.6345029
0.015164673
-0.04197767
-0.7989288
0.2274921
-0.41877425
0.34655783
-0.82402414
-0.15644307
0.1075312
-0.70592
-0.4189519
-0.23304914
0.2764467
0.07515136
-0.55673206
0.36292776
-0.2295878
0.777649
0.17811416
0.120949306
-0.09429568
-0.9312869
0.66873974
0.29617438
0.35989422
0.086553
1.0466462
-1.0515372
0.0673637
-0.100970626
0.19617099
0.5049521
-0.18927047
-0.29256144
-0.282768
-0.45296407
-0.34269303
-0.01267277
-0.5019991
-0.46241844
0.3007336
0.4869207
0.03651535
-0.68203217
-0.08281357
0.25197655
-0.08288605
0.22450069
-0.58402705
-0.4672903
-1.0338144
0.0318183
-0.30305344
-0.37244454
0.5907038
0.24009615
-0.11001482
0.72393745
-0.2097683
-0.6376163
-0.66948086
0.13563485
0.6375513
-0.3451584
-0.43094
-0.070997454
0.5076354
0.3081221
0.36788562
0.33859286
0.5888847
-0.37096137
0.38013202
-0.3654017
0.044647545
0.55934703
-0.74666667
0.69805497
-1.0421883
0.70177317
-0.69089437
-0.09830164
-0.14945088
-0.00465198
0.050228804
0.16419426
5.831797E-4
-0.045784704
-0.6998469
0.22553784
-0.2989863
-0.22276476
-0.0037706818
0.19894513
-0.3243338
0.01849114
-0.7921345
0.047996584
0.3358442
-0.14197525
0.7344602
1.0274911
-0.34252596
1.1714318
0.363567
0.06281178
-0.32004425
0.42364636
1.0712825
0.4814213
-0.33545145
0.8435714
0.20179906
-0.11035932
0.45927072
1.1514875
-0.21441396
0.6759887
-0.18761235
-0.054642137
0.29883587
-0.33018848
-0.1937769
0.11729962
0.44610897
-0.597561
-0.13781433
0.42099032
0.18229716
0.44221643
-0.57028234
-0.053793658
-0.56196433
-0.06637268
0.30664453
0.09797929
0.5747358
0.4702042
0.13971484
-0.43779966
-0.26035267
0.12654625
0.33414915
-0.13364296
0.82470334
0.11892248
0.88496286
-0.13545287
-0.32081658
0.20708351
0.18492119
-0.45246318
-0.6465907
0.16198792
0.049390845
-0.45466477
0.08681088
-0.9410048
0.64140445
-0.47604263
-0.41948143
-0.31162927
0.021580324
-0.5138902
0.14498205
-0.5413757
-0.59225535
-0.47131738
-0.43715522
0.1465537
0.044845965
-0.198177
0.25996786
-0.50684553
0.63510644
-0.37979376
-0.25820047
0.7627546
-0.54404455
0.3730319
-1.0469544
-0.37629125
-0.1736829
-0.47821233
-0.33836663
-0.38933724
0.10332933
0.5835298
-0.45127368
0.18569458
0.41316321
0.16421792
-0.056701977
-0.26411167
0.8346852
-0.18293655
0.28730267
0.8157629
1.0152065
-0.85985136
-0.08780742
-0.04881947
-0.5581431
0.27066597
0.064328864
0.068196975
0.40045154
-0.5845203
0.0465189
-0.6907328
-0.5598425
-0.98511666
-0.30340922
-0.60036784
0.18901867
-0.24177758
-0.6641332
-1.1719154
-0.7499633
0.5032896
0.064594604
-0.09247726
-0.20082776
0.8460241
0.8239891
0.75784194
0.13780789
-0.16384105
0.22028923
0.1989847
0.7057438
0.53148896
0.5612077
-0.019520553
0.47425082
-0.17965496
-0.26036483
0.20412084
0.010538857
0.30853686
-0.3204378
-0.4176102
0.07740186
0.8744464
-0.02208494
0.17572893
-0.35558861
0.26968533
-0.2527171
0.20461118
0.85274273
-0.07517617
0.18365382
0.8808201
-1.1355652
0.16578539
0.3049553
0.78484094
-1.0951641
0.751991
0.5012625
-0.7314039
-1.1747752
0.21787526
0.12482884
0.124760576
-0.5390101
-0.28202656
0.5786686
-0.73756075
-0.17559963
0.098989196
-0.08103753
0.39307103
-0.35425192
-0.36501354
-0.059019666
-0.28975642
-0.0719048
-0.055673905
0.17131831
0.4935347
0.5765726
-0.308553
-0.43334603
0.40892527
-0.46827427
-0.43118238
-0.7360311
0.57448196
-0.30182245
-0.15484905
0.6403337
-0.6308765
0.023538629
-1.2906494
-0.41064355
0.0166217
0.6743675
-0.35130766
-0.2357829
-0.15713464
0.30912656
0.8343571
-0.64345324
0.52364427
-0.58379287
-0.45491925
-0.33363292
0.82833934
0.15658452
-0.09663191
0.13855307
0.9385969
-0.34204662
-0.1569461
-0.28031772
0.83108866
-1.0200824
-0.25739762
-0.4412089
0.8359434
-0.26053593
0.005127673
-0.6962955
-0.010244744
0.54254895
0.7087898
-0.0018182376
-0.5461437
0.08368443
0.06573105
1.0112467
0.18479745
-0.26326257
0.5684096
-0.43153414
0.046830643
-0.104024254
0.07577813
1.1200007
0.40228602
-0.7689491
0.6092333
-0.094366506
-0.31346402
0.005225014
-0.09451864
0.32687357
0.32728407
0.45397243
-0.20446922
-0.59935474
0.1992095
-0.14493932
-0.6079324
0.021240402
-0.16418973
0.5727729
0.36873668
0.3797032
-0.4257603
-0.6877327
0.6540921
0.1503298
-0.31687352
-0.15335253
-0.2897648
-0.112024024
0.6491486
0.50930315
-0.27513757
0.39664418
-0.24024035
0.8317125
-0.3797648
0.5092668
-0.5258561
0.3624613
-0.5200728
-0.509988
0.6229045
0.7743337
-0.56493396
0.10851716
-0.1081544
-0.49370712
0.2700985
0.6106845
-0.51415324
0.34187973
-0.46793672
-0.5975902
1.0122248
-0.71165323
0.48936778
-0.19242482
-0.48188397
0.19093952
-0.9658128
1.0852162
-0.2772477
-0.6669607
-0.6459938
-0.2592812
-0.26821098
0.5143292
0.07405993
-0.30693665
-0.50148207
0.67389363
0.12981512
0.20359059
-1.154167
0.64970446
-0.21180767
0.44958553
0.09391778
0.36735058
0.09955689
-0.29348654
0.43961677
-0.22636491
-0.12468493
0.27234316
-1.0062631
0.2566188
0.114889845
-0.0627365
0.61998945
-0.3401382
-0.15814963
-0.64854175
-0.31247213
0.1174316
-0.5710618
0.12604474
-0.04614906
0.08936797
-0.47738943
-0.8743483
0.5663867
-0.27427003
-0.54210126
-0.15417698
-0.5972924
0.063191585
1.3327725
-0.4892135
0.5062177
-0.32992828
0.35291564
0.5208616
0.14029785
0.120429724
0.19178995
-0.22816442
0.14320622
-0.60676116
0.46506953
-0.09800649
0.33095664
0.98691785
0.58072215
-0.006792009
0.1327457
0.708694
0.07717376
-0.16625896
-1.0414622
-0.33956495
-0.13730274
-0.26925257
0.5940429
0.248111
-1.3254023
0.434921
0.69616324
-0.2640475
0.36448985
-0.0940309
-0.21516941
0.14758375
0.29210922
-0.29262727
0.36861557
0.030258067
-0.6812253
0.087936744
0.8276083
-0.36104587
-0.54177916
0.1073298
0.57776546
-0.08132486
-0.41861048
0.91717523
-0.35193583
-0.098633885
0.059523646
0.127351
-0.11743014
-1.0647358
0.10183744
0.34996444
-0.23977278
0.7580003
-0.3930985
-0.061305
0.3010488
-0.16055393
0.29864544
-0.5869271
-0.8518333
0.04588847
0.018611634
-0.61772996
0.1533929
-0.44311842
-0.12546821
0.3963205
-0.6201639
0.43552297
0.35686064
0.26709402
-0.071423315
0.5882294
-0.4191351
0.49174428
-0.29200613
-0.22381961
-0.31466043
0.31631723
-0.051252186
0.18542242
0.2443803
-0.11831458
0.12719071
-0.43371394
-0.1785163
0.67387295
-0.24039097
-0.9162327
0.57799506
0.3074198
0.06837189
0.22629406
-0.54709595
0.5364125
-0.2337287
0.52523816
0.70471084
-0.30657768
0.0560119
-0.0024475653
0.7811823
0.03468556
-0.9753404
0.2609488
0.6331521
0.2997223
-0.88567865
0.28616878
0.7552512
0.3918124
0.7163366
0.0323414
0.1205579
-1.0250667
-0.9322533
0.37927112
0.117245495
0.32678556
0.2769037
-0.27619213
-0.21559945
0.34071112
0.019677801
0.6112066
0.28474253
0.45086437
-0.114195764
-0.30740175
0.15860817
-0.30575338
0.3062843
-0.12706141
-0.17859215
0.40990764
-0.049771976
-0.29708457
-0.31591657
0.1150439
0.45751753
0.0041451287
-1.1431705
0.5774731
-0.86070985
-0.15930451
0.20715868
-0.4244612
0.044267908
0.16727115
-0.625823
0.08329224
0.13084269
0.9456729
0.15879644
-0.04298744
0.159943
0.059666995
0.08141379
-0.5006365
-0.0061495923
0.13373202
0.2479691
0.44976872
-0.046052966
-0.28854
-0.18396388
-0.70278
0.22159159
-0.15805118
-1.1166288
-0.5123501
0.36706123
-0.3711631
-0.6072102
3.3994668E-4
-0.44946265
-0.3665365
0.32167983
0.77801377
-0.6305216
0.22056365
0.7509411
-1.0280534
-0.8440498
-0.62771237
0.32895663
-0.091419
0.14399381
-0.3822297
0.13930391
-0.19687732
0.33310962
-0.41627723
0.12925886
-0.07319732
0.09957622
-0.23513956
0.5030015
-0.29974428
0.09422651
0.18662988
0.037247937
0.23494612
0.21935421
0.20062439
-0.13310598
1.4296516
-0.06254755
-0.36237976
0.13664544
1.0929098
-0.82255656
-0.63435674
0.10285354
0.46817535
-0.19143696
-0.38975045
0.2434001
-0.7381184
0.64714086
0.485868
-0.11036768
0.24944186
0.39318326
-0.7877239
0.022078646
-0.9069007
-0.18223777
0.05710101
0.43818566
0.4856718
0.2061136
0.38569033
0.9640217
0.8362468
-0.08340748
0.40010405
-0.48303038
0.10136325
0.073822826
0.0029803808
-0.58466333
0.5015679
-0.016872441
-0.16497351
-0.19412966
-0.19872141
0.8045409
0.5230379
0.45613253
0.27446866
0.08636258
0.40086728
-0.8905316
0.21285719
0.011296685
-0.67214847
0.59214807
0.10144522
0.062787674
0.17624931
-0.015213815
-0.22958629
0.75081146
-0.9750725
0.2789082
0.41297254
0.19870342
-0.59063005
-1.4037347
-0.60675865
0.83268076
-0.52808553
-0.07664292
-0.38272384
-0.36315668
0.20727925
-0.41201267
0.116666816
-0.36000964
0.12809172
-0.7087082
0.97095215
0.17077678
0.24196216
-0.004913601
0.16103971
-0.71545476
0.47473344
-0.5639144
0.27655607
-0.93321675
0.58090246
-0.04220235
0.72437996
-0.1882379
-0.69268847
-0.52431667
0.28129512
-0.12989531
-0.15244278
-0.1324272
0.22018875
-0.3312466
0.1840013
0.37109345
-0.23036465
0.14138588
0.7956314
0.44445953
-0.18413346
0.010827219
-0.46770898
0.3626437
-0.65670174
0.68794394
0.4528154
0.5093919
0.92633516
-1.1459631
0.4838693
-0.7133201
-0.84351695
0.16921264
0.38605165
-0.052266374
0.5387115
-0.33766448
0.0649878
-0.6903584
0.5655274
0.372428
-0.5518134
0.77311933
0.48635557
0.34091434
-0.22173008
-0.74564844
0.51692
0.16273578
0.016315935
-0.25213942
0.8432734
0.28520802
0.8812313
-0.27059782
-0.8415496
-0.18039952
0.10589194
-0.22356236
0.30448693
0.5425399
-1.2669394
0.055916812
0.5404572
0.16914985
0.2645151
0.15766643
-0.53986734
-0.08615654
-0.60457015
0.4547067
0.6933072
-0.5627341
0.006134469
0.4506388
-0.27487063
0.81876963
-0.4370448
-0.28444955
0.08492985
0.35810092
0.11498735
-1.1098456
0.61700183
-0.21595636
0.1018559
0.60746247
-0.7289263
0.82184124
-0.6310751
-0.31386018
-0.23812263
0.4034281
0.6301599
0.11067057
0.4123645
0.18418564
-1.0021881
0.30946344
0.042490043
-0.74155915
-0.6097666
0.48966476
0.041540496
0.5526176
0.6418803
-0.68281794
0.30805185
-1.060889
0.22040826
-0.08841405
-1.1066651
-0.3185357
-0.33510926
0.28630504
0.64238054
-0.10076889
-0.5090061
-0.47839227
0.5370915
0.18594871
0.24878946
-0.47392282
0.11828455
0.6042063
0.2789883
-0.65524143
0.17936574
-0.5878006
0.6291741
-0.018011006
-0.25103256
0.013961147
0.6466916
0.84064376
0.033109754
-0.65065974
0.7126463
0.5878385
-0.991065
0.5562807
-0.28553554
0.21665546
0.7813664
0.59286344
-0.40490025
-0.22791183
-0.50776327
0.831512
0.5378655
-0.3885271
-0.38968182
0.0047860257
-0.17508867
-0.06900652
0.11201415
0.024921563
-0.7745277
0.21941948
0.11960533
0.015264195
0.4305649
0.40418398
-0.19673096
-0.353393
-0.25533637
-0.1365662
-0.15218517
0.41229624
0.24591105
0.3253347
-0.51830393
-0.014479354
-0.92589086
0.2399832
0.3425853
0.22761646
0.8656129
-0.0070952973
-0.15215208
-0.20631054
-0.78152025
0.71557903
0.20046143
-0.7497146
-0.34091815
0.4651312
-0.018885272
-0.68670976
-0.109559014
-0.10920559
-0.06766049
0.014365633
-0.21334776
0.045901813
0.28147334
-0.14353676
0.16062143
-0.86531156
-0.5512368
0.49717417
-0.2156841
0.31622326
-0.5663807
-0.16070707
-0.3774992
0.027620431
0.22156732
-0.6343029
-0.23871766
-0.78405684
0.043749988
0.4354222
-1.0128266
0.40166584
-0.30068612
-0.23849832
-0.45905986
0.20530298
0.6325061
-0.6125991
-0.019140108
-0.5208674
-0.6711239
-0.34436092
0.41328803
-0.11956812
0.3992024
-0.16661823
-0.17699265
-0.039921768
0.35237983
-0.14045422
-1.5137293
0.27912086
0.30622324
-0.18926738
0.10468951
-0.13310932
-0.32281828
0.47027358
-0.05186249
-0.2598138
-0.5204576
0.4478563
0.11283816
0.30306345
0.28220093
0.31602016
0.19298652
-1.0481731
-0.2466169
0.6181403
0.7359021
-0.6857375
-0.2626198
-0.45644915
1.0214391
-0.75722677
0.45329204
0.58223844
-0.26063725
0.33633313
0.073086716
0.25795415
0.013053495
0.62828076
-0.8713962
0.4435887
0.25554177
0.13677269
-0.04770121
-0.070127696
0.87494093
0.16497673
0.7828114
-0.21539737
-0.9567963
0.14457622
0.85588825
0.50734293
-0.287313
0.8385148
-0.24940583
-0.0061321557
0.60923815
-0.033669546
0.4585126
0.7893751
-0.27994895
0.18795775
0.05678186
0.18150659
0.13286753
-1.015489
0.17903738
-0.2855693
0.092700996
0.19731748
0.29888007
0.4907235
-0.08948817
0.6040436
0.36164218
-0.27445704
-0.22018889
0.296533
0.25711653
0.25273442
-1.2747418
-0.1567323
0.3628049
-0.07307278
-0.33053437
0.75196344
-0.3144137
0.37128702
-0.2869691
0.3536562
0.57135767
-0.5723776
-0.22386168
-0.14815147
-0.15444712
-0.503779
0.7840223
0.19813447
-0.53869957
-0.47571334
0.016832372
0.32063484
0.63969594
-0.03203403
-0.5237811
0.6540093
-0.6759841
-0.34127402
-0.18694308
-0.36960647
0.31379458
-0.0705316
0.5107895
0.53714025
-0.14266856
0.0022272768
-0.5987852
-0.43310776
0.57788664
-0.7360961
0.33366662
-0.3065429
-0.20151925
-0.42975882
-0.35172287
0.6005555
-0.11889763
0.9720121
-0.6294478
0.66344416
0.17344205
0.76216894
-0.6721974
0.32929695
-0.49340156
0.09019642
-0.14957352
-0.24146615
-0.24819438
-0.22485958
-0.05088099
0.28580108
-0.37112355
0.50269216
0.34899712
0.017058184
-0.6322086
-0.46273518
0.18023403
-0.092608415
0.57587826
-0.055355575
-0.122099325
-0.002461814
1.0164851
-0.49243736
0.6140692
-0.32813156
0.2618755
-0.27331558
-0.15191764
-0.24268456
0.509151
0.5403005
-0.6521094
0.32319173
-0.12991638
-0.54853
0.2836073
-0.6026989
-0.066886745
-0.17227992
0.34783152
0.17432718
0.6016553
-0.23369649
-0.49078733
0.25682625
-0.29140788
-0.281868
0.86832166
-0.37102544
0.33888012
-0.8809952
0.5978087
0.4723702
0.08409158
0.68510455
0.11652045
-0.16505729
-0.051246
0.2670714
-0.43751976
-0.15923049
-0.05145944
-0.7778279
0.2168896
0.117885605
-0.21239586
-0.0016123153
-0.86663085
0.0741744
0.935168
-0.49649206
0.16104485
0.17058612
-0.41320968
0.24709879
-0.20649064
-0.675974
0.4251331
0.25475267
0.44133922
0.63776916
0.5841676
0.57000494
0.15536985
-0.22929116
0.21149574
-0.63436913
-0.002475888
0.5973261
0.08528994
-0.19161685
0.54134715
-0.41173673
0.40688446
0.36429295
0.60599786
-0.32946607
-0.5627957
0.062315088
0.48096144
0.76348037
0.71750355
0.46735302
-0.012016568
-0.12647201
-0.37917414
0.32961372
-0.32419023
0.68381584
1.1099327
0.8484642
-0.053763516
0.25711492
-0.3608587
0.24564089
-0.34692335
-0.027006067
0.061551977
-0.37056413
0.17629339
0.04702476
0.013286707
-1.1066947
0.23208788
0.7446595
-0.5683007
0.07478609
0.33833742
0.37479687
1.2632699
-0.2509796
0.60564905
0.27198312
-0.63419527
0.6779746
-0.5629046
0.6535851
0.17197071
-0.23097847
-0.38631877
-0.23115133
0.053696442
-0.491704
0.25990722
-0.105395064
-0.9709627
-0.14255503
0.13539304
-0.54148406
-0.8934058
0.9083144
-0.227331
-0.780516
0.6677342
-0.18448274
-0.12815943
-0.039705865
-0.14302848
0.35206258
-0.3373919
-0.36859822
-0.104972914
-0.57337576
1.2029288
-0.36825714
-0.14178221
-0.18193582
-0.21123976
-0.0163253
0.3400474
-0.48974383
-0.1848835
-0.18236116
-0.6011656
-0.312787
-0.73861444
-0.05949334
-0.31934
0.816979
0.17981194
0.54559773
-0.39170727
-0.15052886
-0.37964958
-0.12822449
0.35041153
-0.17961694
0.3229037
0.42494813
0.27885464
-0.25980097
0.055159934
-0.9964835
0.35479966
-0.06497633
-0.33168185
0.5221993
0.062066186
-0.49266458
0.3393989
0.06551658
0.090858206
-0.05102379
0.093036324
0.16435972
0.25086397
-0.27308404
-0.00751133
-0.036159355
-0.48377907
-0.45698088
1.1108325
0.13771527
-0.26874882
-0.09652004
0.5444422
-0.38989073
0.43953085
0.26512897
-0.24455884
0.09614637
0.3546608
-0.267169
-0.2309672
0.21049301
0.5218367
0.3032117
-0.47353455
-0.6651205
0.23271576
-0.296538
0.27525625
0.70819
-0.75780755
0.25632742
0.46179324
0.021860538
-0.41036093
-0.67160755
0.55073583
-0.3168511
0.08281737
0.4775798
-0.51194245
0.24464864
0.039428346
0.3984231
-0.27942613
0.36535367
0.32661536
-0.11726392
0.16490898
-0.29809555
0.33944988
-0.66275954
0.3194501
0.62623
0.25216776
0.65130013
-1.1133388
0.1733337
0.89975667
-0.05602793
-0.26242957
0.14141005
-0.1986194
0.86960196
-0.48790285
-0.16499537
0.6165045
0.5629364
0.7351157
-0.7182166
0.19416447
1.290969
0.31341463
-0.41632536
1.0889772
-0.73154515
0.6349701
-0.068709634
-0.030148061
-0.21685009
0.49952888
-0.08207587
-1.2322729
-1.0082253
0.6318916
-0.23550972
0.6985975
-1.0453899
0.16838847
-0.5627472
-0.6066503
-0.34683177
-0.0800869
0.3545398
-0.18156852
0.51244915
-0.79727024
-0.20455602
0.27236807
-0.1970586
-0.3624293
1.0840282
-0.5415661
0.12702237
1.0100495
-0.4247697
-0.43933746
-0.23145984
0.52231115
-0.27415112
-0.36690485
0.35560519
-0.13563143
0.24233955
-0.34428722
0.8462936
0.18266335
0.65933514
-1.4332415
0.68397826
0.2323708
-0.39659715
-0.29582554
0.080201715
0.35802343
-0.53751034
-0.24972814
0.13581413
0.116871715
0.2563929
-0.015521786
-0.88138217
0.5915256
-0.6676284
0.11297486
-0.81136125
0.560742
-0.085227564
0.60423607
0.26488963
-1.0429698
0.15785946
0.3909906
-0.2386772
-1.2809725
1.0492615
0.11031765
0.5750508
-0.25840408
-0.31321245
0.07074463
-0.8361129
0.4454878
0.06475765
0.26848358
-0.47020945
0.31096616
-1.143389
-1.1880466
0.5391755
0.2723701
-0.4111784
0.6935748
0.5262938
-0.20179191
-0.8945371
0.5281661
-0.53500557
0.12077907
0.75606066
-0.7100396
1.1582979
-0.56496733
0.69514436
0.15569207
0.24029897
0.07345231
-0.011468205
0.23433182
0.23429987
0.2793696
-0.5813262
0.3527584
-0.40910843
0.50989467
-0.09541278
0.39952216
-0.1317619
0.06626001
-0.21604072
0.20472762
-0.6112612
0.2683913
0.2976185
-0.7732962
0.022286434
0.4382976
0.19447227
0.18074332
-0.028077526
0.027036635
0.07748498
0.36719146
-0.041261718
1.0409143
-0.27477
0.07454054
0.78615075
0.560119
0.5684203
-0.13725448
0.17065763
-0.6767188
-0.023640033
-0.07091734
0.32932642
0.12934466
-0.7365667
0.24614379
-0.026535276
0.012455052
0.7187666
0.8011114
-0.05642729
-0.64358443
0.14551678
0.2473812
-0.3076668
-0.21468075
0.23911184
0.4655691
0.01584531
-0.42723086
-0.4315343
-0.024496194
-0.23223062
-0.24805126
0.37582883
0.3399003
-0.84668005
-0.06797127
0.11326532
-0.100036405
-0.47249553
-0.65750533
1.0746341
-0.30936414
0.61034805
-0.24089222
-0.09165677
0.49221724
0.4363491
0.07619689
0.16043423
-0.13249968
0.49244893
-0.13352598
-0.12446089
0.2739635
-0.121779144
-0.058623128
0.60569596
-0.89395463
-0.72427756
-0.11848568
-0.20732875
-0.71894187
-0.54623115
-0.108053654
-0.27814928
-0.02213485
-0.48360002
0.62728107
-0.44222417
1.1194826
0.5846077
0.23431443
0.31982204
0.5276288
-1.1509963
0.68835086
0.84788066
-0.4786425
0.41392013
-0.6272132
0.8160805
0.06823891
0.15858652
-0.1321081
-0.10834945
-0.42810938
0.60301244
-0.5390855
0.19354942
-0.64536226
-0.22001582
0.47999328
-0.03701874
0.19608095
0.05472697
-0.36714226
-0.41906336
-0.6007715
-0.8484055
0.41057858
-0.20985916
-0.6416638
-0.7167132
0.7653523
-0.32238293
0.075742304
0.06041847
-0.3015262
0.18627997
-0.5704515
0.037343934
-0.46737933
0.67809355
0.57056123
-0.6639877
-0.1534194
-0.3866119
0.09790439
0.0028511137
-0.5673777
-0.17475067
-0.04784348
0.28416085
0.08125284
-0.5342231
0.38924295
1.2159078
-0.84981066
-0.30257306
0.18322602
0.1154816
-0.6152861
-0.49843463
-0.5122437
-0.29535273
-0.10118254
0.6080434
0.03730227
0.03449655
-0.7091755
-0.08017499
0.20148924
0.35900515
0.12067732
-0.50060374
-0.04726128
0.70272297
-0.6389126
0.101803035
-0.65155905
0.20841485
0.6296718
0.85291284
1.3183163
-0.084117286
-1.12052
0.7670919
-0.043299407
0.3031572
-0.05547451
0.6633192
0.21896161
0.38556117
-0.41012922
0.1606594
0.35965234
0.8134728
-0.35502338
0.15406738
-0.2235168
-0.10927709
0.35472104
-0.17985186
0.26660517
-0.041529298
0.23571724
0.020960653
-0.54313815
0.020573722
0.3490856
-0.16806118
0.42484063
0.5544496
-0.7006999
0.8075564
-0.2035701
0.055987984
-0.27518994
0.1540463
0.022724174
-0.14088768
0.27182767
0.2110309
-0.15402006
-0.5170607
0.35894555
0.2327865
-1.0544894
-0.6199192
0.46472389
-1.1125546
0.3285975
0.0687427
0.18751241
-0.14998876
-0.3864983
-0.08849238
-0.35575834
-0.042197824
0.8305147
0.12522605
0.23402567
-0.46416336
0.31153324
-0.44619983
0.33379483
-0.6929152
0.33764756
0.30971318
0.60595775
0.6485738
-0.51613474
0.33238947
-0.2696097
-0.13867292
0.008537675
-0.05710896
0.7081789
0.3402472
-0.5727153
-0.118731596
-0.26550302
0.69761384
0.034356706
0.18515126
-0.25050133
-0.43653387
0.45135942
-0.10753588
-0.71551144
0.9395484
-0.79440105
-0.4923502
0.17015512
-1.2057488
0.254525
-0.16580205
0.56423193
-0.27336466
0.5011554
0.039577916
-0.16952915
0.39954513
-0.15607625
0.34800094
0.017851992
1.2348691
0.40802595
0.050083283
-0.49644992
0.6119212
0.0014082453
0.9745826
-0.10172499
-0.73696166
0.76305485
0.5507689
-0.64898294
0.19637749
0.47027394
0.17953362
0.94780344
-0.27109343
-0.5551777
-1.1474854
0.107980125
0.24804606
0.19381367
0.052633855
-0.5312343
-0.27678746
-0.6068058
-0.07575818
-0.37509716
0.11379263
0.06139329
0.83135575
-0.7258724
0.15061487
0.07791763
0.06681396
-0.96605206
-0.11099854
-0.34449443
0.3080094
0.0018191971
-1.0950952
0.1779467
0.07727108
-0.20074022
0.19833884
-0.13724567
-0.5698893
-0.017934114
0.4282832
0.5667426
-0.047847
0.7863341
0.16642877
-0.28071776
-0.34736782
-0.32833683
-1.0413216
0.66758853
-0.17391379
0.5346864
0.21293803
-0.33247888
-0.27664283
-0.099936895
0.023367701
0.4054601
-0.26466432
-0.6541139
0.22274962
0.056428857
-0.5288977
0.60534686
-0.1369452
0.40600577
-1.0852311
0.29073358
0.16039002
0.33113018
-0.24793382
-0.38506728
0.6282717
-0.59604055
0.447821
0.36692634
0.14421333
0.46908796
-0.3363299
0.13883182
-0.30774355
0.07412538
-0.019686148
-0.5160015
0.25434554
-0.379915
0.8014219
0.18912481
0.3170985
-1.1758392
0.40151688
0.5432864
0.071197875
0.05152235
0.15971577
0.31860587
0.60394186
-0.7418405
0.59295714
-0.18788464
0.35716933
0.44764617
-0.17595312
-0.07053145
-0.59816784
-0.44511756
0.13418294
0.347059
-1.0227233
0.29126662
-0.10267608
-0.45925763
0.87278634
0.2615233
0.19435084
-0.55368537
0.21841799
-0.8240746
0.40315253
0.24556744
-0.98277265
0.0963072
-0.15676652
0.13799693
0.5941816
-0.44982564
0.75803006
0.4914741
-0.12964275
-0.24423759
-0.93370754
0.38371187
-0.48141894
0.48094466
-0.6438441
0.3451945
-0.60193586
0.44627064
0.52299035
-0.13534437
-0.61247253
-1.1178695
-0.07662162
0.45737106
0.6072379
-0.42583802
0.3035489
0.21711355
-0.63314176
-0.1415665
-1.0176798
-0.17268991
0.5856575
0.48523423
-0.2757752
-0.05393517
-0.5168189
-0.46119738
-0.37248275
0.75487334
-0.08330436
-0.52805024
-0.13024221
-0.42889866
-0.43567735
-0.26733264
-0.056007273
0.5567407
0.38708177
-0.5575667
0.35634956
-0.09796349
-0.20831338
0.22773919
0.4915263
-0.65524113
-0.62566453
-0.041661542
-0.76589113
-0.79894936
0.80456376
0.6530395
-0.41794786
0.01653842
-1.2420615
-0.44004846
-0.20099458
-0.11910884
0.17364173
1.5367087
-0.8826402
-0.35605025
0.23731607
-0.855213
0.37747237
-0.12677364
0.31210288
-0.5161107
-0.12528345
-0.39275768
-0.5914892
-0.46368176
0.043949515
-0.13675843
0.099625394
0.63230586
0.18759613
-0.6398429
0.08817569
-0.16845587
-0.20268533
0.042324096
1.0455791
-0.15820423
0.42120686
-0.647143
-0.24334198
-0.020029144
0.35670483
-0.62370014
0.2925041
0.6003898
1.1989123
-0.8334763
0.7330511
-0.5461851
0.35776523
0.34228027
0.8241503
-0.17591335
-0.045632888
-0.49901754
-0.001879399
1.0638783
-0.9272819
-0.69734997
0.76982504
-0.20924228
0.43057624
0.69266456
1.1784735
0.15404737
-0.10711299
-0.049539395
-0.09950878
-0.042735424
-0.48322406
0.33885637
0.7701604
0.86546534
0.7229916
-0.5861938
-0.23507495
-0.44184643
0.56827986
-0.55676013
0.7968151
0.6721328
-0.054662496
-0.5288093
0.115965694
0.20853096
0.3083066
-0.4247254
-0.33660102
0.7242811
-0.4027972
0.3560524
0.49563283
-0.12044689
-0.06500134
-0.42795104
-0.05073788
0.47417957
-0.292809
0.36421376
-0.83872586
0.25200778
0.77446705
-0.19259538
0.0058018826
-0.3657722
-0.2645399
0.06499078
-0.60494715
-0.21208024
-0.93151313
0.35763115
-0.21448772
0.44329137
0.39383858
0.43432114
-0.7363002
-0.14011781
-0.1853051
0.39255226
0.12926207
0.3770251
0.7088645
0.092417225
0.27033648
0.19049934
0.26118827
-0.24681292
-0.25899544
0.52908283
0.057474528
-0.20517911
0.19682859
-1.1495515
0.852953
-0.626447
-0.16987444
-0.7655672
0.6544217
0.54178673
-0.018638324
0.36212838
0.014999802
-0.58598053
0.62181985
-0.25305364
0.25024882
0.41473168
-0.23242532
0.24103037
0.13755314
0.5162525
0.100996435
-0.03148368
-0.079466395
-0.01395691
-1.0247256
-0.22977364
0.39714682
0.1624495
0.5511203
0.50618315
-1.0664734
0.17828842
0.29594195
-0.17711042
-0.6032718
-0.05255955
0.9031526
-0.14783221
0.40609667
-0.1852961
0.5175122
0.7785399
0.18692093
0.21791814
-0.9069348
0.3742071
-0.046767756
-0.54917496
-0.5215966
0.37944198
0.9044852
-0.10459197
-0.12163641
-0.37118635
0.085851476
-0.2431433
-0.9153573
-0.6317677
0.4911588
-0.62002295
0.62204295
0.34517443
-0.48871702
0.14729363
0.4803643
0.49212748
-0.73943275
0.58243316
-0.23698466
0.09961845
-0.044079784
-0.61559176
-0.5455741
-0.3213004
-0.7267712
0.059415057
-0.023334771
-0.81332886
-0.46133003
0.55628556
-0.11429059
0.25202504
0.001755157
0.6943493
-0.30457282
0.59513795
-0.24249327
-0.20090373
-0.6586439
0.09190841
0.4839251
0.03299155
-0.4592939
0.4296739
-0.47090417
0.12706284
-0.22950457
0.26169604
0.110706404
-0.3900194
0.35578996
0.0066919844
1.0601205
-0.13897108
-0.30428013
-0.24243867
0.763636
-0.26776904
0.44564408
0.70996076
0.8708032
-0.11955058
-0.5637869
0.37751505
-0.6915812
-0.43252987
0.34431165
0.47880933
0.06836198
0.52403146
-0.39310515
0.6399743
0.17958926
-0.34022033
-0.9560751
-0.13173692
-0.25534457
-0.6312026
0.25808406
0.5612273
-0.09935484
-0.7625219
0.021861168
-0.093843244
0.40609312
-0.6021799
0.58702856
0.824091
0.5048677
0.35803735
-0.24063197
-0.28481382
0.37933758
0.01623203
0.11910943
0.25902545
-0.5221972
-0.22906308
0.05096069
0.22890823
0.12262325
0.44267124
-0.41364175
0.25845003
0.064232856
0.71397734
-1.225406
-0.16930632
0.23549415
-0.42929283
0.5271511
-0.15221176
-0.87364507
-0.16802758
-0.08859526
-0.38112503
-0.26198825
-0.26295602
-0.096510805
-0.24539076
0.32282868
-0.18936148
-0.64802194
0.40331516
-1.0544842
0.037822675
0.52845687
0.30765778
-0.66556317
-0.18828203
1.172339
-0.6875546
-0.6981669
0.41648623
-0.4477929
0.15096663
-0.2717968
0.0016503307
0.4821177
-0.029860763
0.3343448
1.1088556
-0.49778342
-0.19347803
0.55748653
0.5861774
0.6685564
-0.3420984
-0.5569391
-0.3091194
-0.57581645
0.07206027
-0.49138835
-0.10327602
0.54696107
-0.5211507
0.64934415
-0.9340117
0.5695645
-0.37599266
0.4132437
-0.617734
0.051601544
0.74327683
0.247159
-0.113759056
0.10872066
-0.34850577
-0.0921898
0.065156296
0.28941593
-0.119732745
0.5646649
0.418121
0.92112935
0.29806456
0.053054363
-0.28596696
0.08572481
0.41517913
-0.063489825
-0.24676213
-0.4537291
0.15569527
-0.02759396
-0.5003314
-0.0035867328
-0.26523882
1.0387298
-0.5658743
-0.046214722
-0.8926041
1.1908658
-0.2969175
0.4012677
-0.17362241
0.2174073
-0.31688458
0.10902738
0.17503539
-0.05360654
0.024261983
0.33839822
0.040907595
-0.3932697
-0.5886676
0.056112006
0.267321
-0.021785062
-0.43311265
-0.64071923
0.31839085
0.6506369
0.35406455
-1.3720723
0.18744825
0.19181466
0.51678467
-0.12762359
-1.0980396
0.089203395
0.7003549
0.4974427
-0.051381417
-0.08411126
-0.5935073
0.26685995
-0.8321349
0.5388394
-0.69098127
-0.21490937
0.6593799
-0.4358057
-0.3270253
-0.67299247
0.8931023
-0.73624855
-0.6528089
0.020303631
0.252795
0.427169
-1.0378114
-0.066301376
-0.6568251
0.37869266
-0.23957516
1.0941606
-0.27397382
-0.03532011
-0.10513649
0.696018
-0.49401554
-0.065433964
0.6978559
-0.042179797
-0.81608087
-0.45349166
0.27420393
0.35901767
-0.14633426
1.0399635
0.14821872
-1.488865
0.40732497
0.18603672
0.35231936
-0.69174784
0.66552144
0.7068796
-1.1686629
-0.43110603
-0.11125694
0.2943559
-0.21044722
1.0127672
-0.92891246
-0.20223774
0.43748012
0.7470886
-0.33880702
0.02798084
-0.4779336
0.50617826
-0.12570603
-0.70588297
0.7043095
-0.915887
0.07468006
-0.72619426
0.27298403
0.9995485
-0.71215403
0.6198418
-0.36013916
1.2106202
-0.33254123
1.0260619
0.41275257
-0.08764893
0.29479668
0.18249802
-0.2795535
-0.30473873
0.49929667
-0.09930855
0.4258756
0.11523532
-0.49458817
0.90529454
0.28768137
0.41317597
-0.25443426
-0.3360909
0.06924661
-0.41763148
0.10059095
-0.103241906
-0.31392306
0.34143528
-0.8019451
0.5398221
-0.58392274
-0.5267909
-0.22262241
-0.10593007
-0.15069124
0.30200183
-0.6230367
0.0051679923
-0.1382202
0.48902875
-0.23257229
-0.57697177
0.46867388
-0.23606122
0.74917185
0.1385406
-0.94559175
-0.16885458
-0.14965953
0.7595393
-0.37397623
-0.8842097
0.44362593
0.5624732
-0.6854884
0.3084236
-0.2742975
0.30874613
1.1454529
0.30192894
-0.18075314
-0.18141697
0.8199795
-0.27722675
0.069872335
-0.5389914
0.25108704
-0.009583405
-0.6856436
-0.12947498
-0.26065347
0.71503395
0.047801044
0.07122844
-0.10827955
0.32241943
-1.4243155
0.59878474
-0.4216161
-0.24180533
-0.30326945
-0.83025956
0.46709085
-0.5022809
-0.36890033
0.7931238
-0.07310678
-0.17378026
-0.095158085
-0.42951545
0.36356458
-0.66274494
1.013651
-0.8738032
0.41813487
-0.06624643
0.36372077
-0.13837
-0.4235066
0.71358526
0.8908312
0.2404678
0.13809298
-0.19884287
-0.66670316
0.12161642
-0.49121734
0.8569915
-0.8540995
0.70987487
0.40286273
0.6225787
-0.662934
-0.3623378
0.4131866
0.4795076
-0.71572524
0.033689216
0.48071328
-0.8993021
0.7445595
0.98828435
-0.40773746
-0.042741217
0.1096629
-0.008166378
-0.011125166
-0.18482958
0.47130662
0.10441591
0.431686
-1.0347483
0.34594375
-0.17272164
-0.8262595
-0.116729714
-0.46790043
-0.27279246
0.27666616
0.0034109636
0.5508481
0.06318922
0.42365167
-0.5986242
-0.5259436
1.3134594
0.38827348
-0.6963478
-0.20668939
0.16232531
-0.2686846
0.49956346
-0.95138794
1.593935
0.03338225
-0.0905126
-0.393361
0.5358097
0.46594134
-0.17059372
-0.17428398
-0.19221756
-0.3088696
-0.68107116
-0.2767956
0.39387655
-0.76055616
0.6994706
-0.22418506
0.42913562
-0.13209744
0.22734152
-0.6296628
-0.46952727
-0.42583767
-0.8174906
0.6424861
0.41547033
-0.31704018
-0.13075364
1.0600365
-0.8992295
-0.5618034
0.6207195
-0.5836761
-0.19475476
-0.07428507
-2.015503
